CAUSE,YEAR,CASES,FEMALE KILLED,MALE KILLED,TOTAL KILLED,INJURED,FEMALE INJURED,MALE INJURED,STATE/UT
ELECTROCUTION,2002,703,65,653,718,42,13,29,ANDHRA PRADESH
GAS CYLINDER/STOVE BURST,2002,854,639,154,793,90,64,26,ANDHRA PRADESH
FIRE-ARMS,2002,6,1,5,6,1,0,1,ANDHRA PRADESH
SUDDEN DEATHS(HEART ATTACKS),2002,335,59,276,335,0,0,0,ANDHRA PRADESH
EPILEPTIC FITS/GIDDINESS,2002,104,12,87,99,5,2,3,ANDHRA PRADESH
ABORTIONS/CHILD BIRTH,2002,10,10,0,10,0,0,0,ANDHRA PRADESH
INFLUENCE OF ALCOHOL,2002,211,10,202,212,3,0,3,ANDHRA PRADESH
FOOD POISIONING/ACCIDENTAL INTAKE OF INSECTICIDES ETC.,2002,274,67,217,284,8,2,6,ANDHRA PRADESH
SNAKE BITE/ANIMAL BITE,2002,791,184,617,801,6,1,5,ANDHRA PRADESH
OTHER,2002,813,272,584,856,3,0,3,ANDHRA PRADESH
OTHER RAILWAY ACCIDENTS,2002,1185,169,1017,1186,0,0,0,ANDHRA PRADESH
OTHER,2002,764,180,683,863,3,2,1,ANDHRA PRADESH
DROWNING,2002,1430,316,1114,1430,80,23,57,ANDHRA PRADESH
FALLS,2002,698,84,601,685,45,2,43,ANDHRA PRADESH
FIRE,2002,1855,1182,623,1805,156,85,71,ANDHRA PRADESH
SUDDEN DEATHS,2002,660,91,565,656,8,2,6,ANDHRA PRADESH
POISONING,2002,2091,616,1539,2155,17,3,14,ANDHRA PRADESH
ELECTROCUTION,2002,0,0,0,0,0,0,0,ARUNACHAL PRADESH
GAS CYLINDER/STOVE BURST,2002,0,0,0,0,0,0,0,ARUNACHAL PRADESH
FIRE-ARMS,2002,2,0,2,2,0,0,0,ARUNACHAL PRADESH
SUDDEN DEATHS(HEART ATTACKS),2002,2,0,2,2,0,0,0,ARUNACHAL PRADESH
EPILEPTIC FITS/GIDDINESS,2002,1,0,1,1,0,0,0,ARUNACHAL PRADESH
ABORTIONS/CHILD BIRTH,2002,0,0,0,0,0,0,0,ARUNACHAL PRADESH
INFLUENCE OF ALCOHOL,2002,6,0,6,6,0,0,0,ARUNACHAL PRADESH
FOOD POISIONING/ACCIDENTAL INTAKE OF INSECTICIDES ETC.,2002,0,0,0,0,0,0,0,ARUNACHAL PRADESH
SNAKE BITE/ANIMAL BITE,2002,0,0,0,0,0,0,0,ARUNACHAL PRADESH
OTHER,2002,0,0,0,0,0,0,0,ARUNACHAL PRADESH
OTHER RAILWAY ACCIDENTS,2002,0,0,0,0,0,0,0,ARUNACHAL PRADESH
OTHER,2002,0,0,0,0,0,0,0,ARUNACHAL PRADESH
DROWNING,2002,19,6,14,20,0,0,0,ARUNACHAL PRADESH
FALLS,2002,14,2,12,14,0,0,0,ARUNACHAL PRADESH
FIRE,2002,4,1,3,4,0,0,0,ARUNACHAL PRADESH
SUDDEN DEATHS,2002,9,0,9,9,0,0,0,ARUNACHAL PRADESH
POISONING,2002,0,0,0,0,0,0,0,ARUNACHAL PRADESH
ELECTROCUTION,2002,46,2,45,47,0,0,0,ASSAM
GAS CYLINDER/STOVE BURST,2002,15,12,6,18,0,0,0,ASSAM
FIRE-ARMS,2002,8,1,7,8,0,0,0,ASSAM
SUDDEN DEATHS(HEART ATTACKS),2002,93,12,82,94,0,0,0,ASSAM
EPILEPTIC FITS/GIDDINESS,2002,0,0,0,0,0,0,0,ASSAM
ABORTIONS/CHILD BIRTH,2002,3,3,0,3,0,0,0,ASSAM
INFLUENCE OF ALCOHOL,2002,2,0,2,2,0,0,0,ASSAM
FOOD POISIONING/ACCIDENTAL INTAKE OF INSECTICIDES ETC.,2002,12,6,6,12,0,0,0,ASSAM
SNAKE BITE/ANIMAL BITE,2002,5,2,3,5,0,0,0,ASSAM
OTHER,2002,129,52,77,129,0,0,0,ASSAM
OTHER RAILWAY ACCIDENTS,2002,322,33,289,322,0,0,0,ASSAM
OTHER,2002,131,51,80,131,0,0,0,ASSAM
DROWNING,2002,234,76,168,244,0,0,0,ASSAM
FALLS,2002,15,0,15,15,0,0,0,ASSAM
FIRE,2002,194,118,80,198,23,9,14,ASSAM
SUDDEN DEATHS,2002,98,15,84,99,0,0,0,ASSAM
POISONING,2002,146,60,86,146,0,0,0,ASSAM
ELECTROCUTION,2002,39,6,34,40,7,1,6,BIHAR
GAS CYLINDER/STOVE BURST,2002,93,82,16,98,9,6,3,BIHAR
FIRE-ARMS,2002,9,3,4,7,3,0,3,BIHAR
SUDDEN DEATHS(HEART ATTACKS),2002,56,15,33,48,15,6,9,BIHAR
EPILEPTIC FITS/GIDDINESS,2002,17,5,11,16,1,0,1,BIHAR
ABORTIONS/CHILD BIRTH,2002,1,1,0,1,0,0,0,BIHAR
INFLUENCE OF ALCOHOL,2002,35,1,34,35,0,0,0,BIHAR
FOOD POISIONING/ACCIDENTAL INTAKE OF INSECTICIDES ETC.,2002,218,92,144,236,3,0,3,BIHAR
SNAKE BITE/ANIMAL BITE,2002,55,29,23,52,3,1,2,BIHAR
OTHER,2002,167,46,112,158,19,5,14,BIHAR
OTHER RAILWAY ACCIDENTS,2002,600,82,519,601,2,0,2,BIHAR
OTHER,2002,275,73,173,246,34,2,32,BIHAR
DROWNING,2002,270,76,240,316,14,4,10,BIHAR
FALLS,2002,69,6,59,65,11,5,6,BIHAR
FIRE,2002,364,265,100,365,47,23,24,BIHAR
SUDDEN DEATHS,2002,109,22,78,100,16,6,10,BIHAR
POISONING,2002,485,185,314,499,30,9,21,BIHAR
ELECTROCUTION,2002,277,41,237,278,3,0,3,CHHATTISGARH
GAS CYLINDER/STOVE BURST,2002,24,19,5,24,0,0,0,CHHATTISGARH
FIRE-ARMS,2002,11,1,10,11,0,0,0,CHHATTISGARH
SUDDEN DEATHS(HEART ATTACKS),2002,188,26,162,188,0,0,0,CHHATTISGARH
EPILEPTIC FITS/GIDDINESS,2002,88,24,64,88,0,0,0,CHHATTISGARH
ABORTIONS/CHILD BIRTH,2002,37,37,0,37,0,0,0,CHHATTISGARH
INFLUENCE OF ALCOHOL,2002,192,14,178,192,0,0,0,CHHATTISGARH
FOOD POISIONING/ACCIDENTAL INTAKE OF INSECTICIDES ETC.,2002,607,210,403,613,0,0,0,CHHATTISGARH
SNAKE BITE/ANIMAL BITE,2002,797,316,482,798,0,0,0,CHHATTISGARH
OTHER,2002,171,66,105,171,0,0,0,CHHATTISGARH
OTHER RAILWAY ACCIDENTS,2002,366,65,301,366,2,0,2,CHHATTISGARH
OTHER,2002,1358,337,1053,1390,1,0,1,CHHATTISGARH
DROWNING,2002,1146,437,712,1149,0,0,0,CHHATTISGARH
FALLS,2002,308,51,257,308,0,0,0,CHHATTISGARH
FIRE,2002,544,404,144,548,0,0,0,CHHATTISGARH
SUDDEN DEATHS,2002,505,101,404,505,0,0,0,CHHATTISGARH
POISONING,2002,1605,592,1020,1612,0,0,0,CHHATTISGARH
ELECTROCUTION,2002,22,4,16,20,0,0,0,GOA
GAS CYLINDER/STOVE BURST,2002,6,7,0,7,1,0,1,GOA
FIRE-ARMS,2002,0,0,0,0,0,0,0,GOA
SUDDEN DEATHS(HEART ATTACKS),2002,17,7,26,33,0,0,0,GOA
EPILEPTIC FITS/GIDDINESS,2002,3,0,3,3,0,0,0,GOA
ABORTIONS/CHILD BIRTH,2002,2,2,0,2,0,0,0,GOA
INFLUENCE OF ALCOHOL,2002,20,0,20,20,0,0,0,GOA
FOOD POISIONING/ACCIDENTAL INTAKE OF INSECTICIDES ETC.,2002,1,0,2,2,0,0,0,GOA
SNAKE BITE/ANIMAL BITE,2002,4,1,1,2,0,0,0,GOA
OTHER,2002,15,4,10,14,0,0,0,GOA
OTHER RAILWAY ACCIDENTS,2002,38,3,34,37,0,0,0,GOA
OTHER,2002,57,6,42,48,38,19,19,GOA
DROWNING,2002,163,17,170,187,0,0,0,GOA
FALLS,2002,92,9,79,88,0,0,0,GOA
FIRE,2002,46,34,11,45,2,0,2,GOA
SUDDEN DEATHS,2002,42,9,49,58,0,0,0,GOA
POISONING,2002,20,5,13,18,0,0,0,GOA
ELECTROCUTION,2002,448,78,362,440,14,6,8,GUJARAT
GAS CYLINDER/STOVE BURST,2002,696,531,152,683,32,17,15,GUJARAT
FIRE-ARMS,2002,2,0,2,2,0,0,0,GUJARAT
SUDDEN DEATHS(HEART ATTACKS),2002,994,124,870,994,0,0,0,GUJARAT
EPILEPTIC FITS/GIDDINESS,2002,306,62,244,306,0,0,0,GUJARAT
ABORTIONS/CHILD BIRTH,2002,18,18,0,18,0,0,0,GUJARAT
INFLUENCE OF ALCOHOL,2002,38,1,37,38,0,0,0,GUJARAT
FOOD POISIONING/ACCIDENTAL INTAKE OF INSECTICIDES ETC.,2002,511,194,242,436,77,38,39,GUJARAT
SNAKE BITE/ANIMAL BITE,2002,312,118,188,306,15,7,8,GUJARAT
OTHER,2002,317,119,180,299,19,8,11,GUJARAT
OTHER RAILWAY ACCIDENTS,2002,1251,168,1095,1263,0,0,0,GUJARAT
OTHER,2002,917,182,655,837,98,39,59,GUJARAT
DROWNING,2002,1100,256,871,1127,0,0,0,GUJARAT
FALLS,2002,814,151,636,787,30,8,22,GUJARAT
FIRE,2002,2608,1823,740,2563,107,58,49,GUJARAT
SUDDEN DEATHS,2002,1356,205,1151,1356,0,0,0,GUJARAT
POISONING,2002,1161,438,629,1067,111,53,58,GUJARAT
ELECTROCUTION,2002,20,0,20,20,0,0,0,HARYANA
GAS CYLINDER/STOVE BURST,2002,9,9,4,13,0,0,0,HARYANA
FIRE-ARMS,2002,0,0,0,0,0,0,0,HARYANA
SUDDEN DEATHS(HEART ATTACKS),2002,6,2,4,6,0,0,0,HARYANA
EPILEPTIC FITS/GIDDINESS,2002,0,0,0,0,0,0,0,HARYANA
ABORTIONS/CHILD BIRTH,2002,0,0,0,0,0,0,0,HARYANA
INFLUENCE OF ALCOHOL,2002,0,0,0,0,0,0,0,HARYANA
FOOD POISIONING/ACCIDENTAL INTAKE OF INSECTICIDES ETC.,2002,0,0,0,0,0,0,0,HARYANA
SNAKE BITE/ANIMAL BITE,2002,0,0,0,0,0,0,0,HARYANA
OTHER,2002,53,25,28,53,0,0,0,HARYANA
OTHER RAILWAY ACCIDENTS,2002,0,0,0,0,0,0,0,HARYANA
OTHER,2002,19,4,15,19,0,0,0,HARYANA
DROWNING,2002,50,9,41,50,0,0,0,HARYANA
FALLS,2002,12,2,16,18,1,0,1,HARYANA
FIRE,2002,17,11,10,21,0,0,0,HARYANA
SUDDEN DEATHS,2002,6,2,4,6,0,0,0,HARYANA
POISONING,2002,53,25,28,53,0,0,0,HARYANA
ELECTROCUTION,2002,6,1,5,6,0,0,0,HIMACHAL PRADESH
GAS CYLINDER/STOVE BURST,2002,12,9,3,12,1,0,1,HIMACHAL PRADESH
FIRE-ARMS,2002,1,0,1,1,0,0,0,HIMACHAL PRADESH
SUDDEN DEATHS(HEART ATTACKS),2002,87,6,81,87,0,0,0,HIMACHAL PRADESH
EPILEPTIC FITS/GIDDINESS,2002,7,2,5,7,0,0,0,HIMACHAL PRADESH
ABORTIONS/CHILD BIRTH,2002,0,0,0,0,0,0,0,HIMACHAL PRADESH
INFLUENCE OF ALCOHOL,2002,34,0,34,34,0,0,0,HIMACHAL PRADESH
FOOD POISIONING/ACCIDENTAL INTAKE OF INSECTICIDES ETC.,2002,37,11,26,37,0,0,0,HIMACHAL PRADESH
SNAKE BITE/ANIMAL BITE,2002,8,1,7,8,0,0,0,HIMACHAL PRADESH
OTHER,2002,37,4,33,37,0,0,0,HIMACHAL PRADESH
OTHER RAILWAY ACCIDENTS,2002,1,0,1,1,0,0,0,HIMACHAL PRADESH
OTHER,2002,56,4,52,56,4,4,0,HIMACHAL PRADESH
DROWNING,2002,78,20,59,79,0,0,0,HIMACHAL PRADESH
FALLS,2002,131,9,122,131,3,0,3,HIMACHAL PRADESH
FIRE,2002,40,18,23,41,7,3,4,HIMACHAL PRADESH
SUDDEN DEATHS,2002,128,8,120,128,0,0,0,HIMACHAL PRADESH
POISONING,2002,122,36,86,122,0,0,0,HIMACHAL PRADESH
ELECTROCUTION,2002,9,2,10,12,0,0,0,JAMMU & KASHMIR
GAS CYLINDER/STOVE BURST,2002,2,3,0,3,0,0,0,JAMMU & KASHMIR
FIRE-ARMS,2002,575,97,301,398,647,105,542,JAMMU & KASHMIR
SUDDEN DEATHS(HEART ATTACKS),2002,73,9,64,73,0,0,0,JAMMU & KASHMIR
EPILEPTIC FITS/GIDDINESS,2002,1,0,1,1,0,0,0,JAMMU & KASHMIR
ABORTIONS/CHILD BIRTH,2002,3,3,0,3,0,0,0,JAMMU & KASHMIR
INFLUENCE OF ALCOHOL,2002,2,0,2,2,0,0,0,JAMMU & KASHMIR
FOOD POISIONING/ACCIDENTAL INTAKE OF INSECTICIDES ETC.,2002,4,2,3,5,0,0,0,JAMMU & KASHMIR
SNAKE BITE/ANIMAL BITE,2002,1,0,1,1,0,0,0,JAMMU & KASHMIR
OTHER,2002,8,4,8,12,0,0,0,JAMMU & KASHMIR
OTHER RAILWAY ACCIDENTS,2002,0,0,0,0,0,0,0,JAMMU & KASHMIR
OTHER,2002,50,11,55,66,0,0,0,JAMMU & KASHMIR
DROWNING,2002,26,8,21,29,2,0,2,JAMMU & KASHMIR
FALLS,2002,69,17,41,58,74,9,65,JAMMU & KASHMIR
FIRE,2002,14,9,6,15,0,0,0,JAMMU & KASHMIR
SUDDEN DEATHS,2002,79,12,67,79,0,0,0,JAMMU & KASHMIR
POISONING,2002,29,13,21,34,0,0,0,JAMMU & KASHMIR
ELECTROCUTION,2002,0,0,0,0,0,0,0,JHARKHAND
GAS CYLINDER/STOVE BURST,2002,0,0,0,0,0,0,0,JHARKHAND
FIRE-ARMS,2002,1,0,1,1,1,0,1,JHARKHAND
SUDDEN DEATHS(HEART ATTACKS),2002,10,4,6,10,0,0,0,JHARKHAND
EPILEPTIC FITS/GIDDINESS,2002,0,0,0,0,0,0,0,JHARKHAND
ABORTIONS/CHILD BIRTH,2002,0,0,0,0,0,0,0,JHARKHAND
INFLUENCE OF ALCOHOL,2002,12,3,7,10,2,1,1,JHARKHAND
FOOD POISIONING/ACCIDENTAL INTAKE OF INSECTICIDES ETC.,2002,0,0,0,0,0,0,0,JHARKHAND
SNAKE BITE/ANIMAL BITE,2002,8,3,2,5,3,2,1,JHARKHAND
OTHER,2002,0,0,0,0,0,0,0,JHARKHAND
OTHER RAILWAY ACCIDENTS,2002,142,19,118,137,147,72,75,JHARKHAND
OTHER,2002,60,32,45,77,7,2,5,JHARKHAND
DROWNING,2002,0,0,0,0,0,0,0,JHARKHAND
FALLS,2002,16,6,8,14,2,1,1,JHARKHAND
FIRE,2002,5,3,1,4,2,1,1,JHARKHAND
SUDDEN DEATHS,2002,22,7,13,20,2,1,1,JHARKHAND
POISONING,2002,14,4,6,10,4,2,2,JHARKHAND
ELECTROCUTION,2002,257,30,228,258,0,0,0,KARNATAKA
GAS CYLINDER/STOVE BURST,2002,209,153,59,212,0,0,0,KARNATAKA
FIRE-ARMS,2002,12,7,6,13,0,0,0,KARNATAKA
SUDDEN DEATHS(HEART ATTACKS),2002,404,41,370,411,0,0,0,KARNATAKA
EPILEPTIC FITS/GIDDINESS,2002,72,24,48,72,0,0,0,KARNATAKA
ABORTIONS/CHILD BIRTH,2002,10,10,0,10,0,0,0,KARNATAKA
INFLUENCE OF ALCOHOL,2002,260,21,234,255,3,0,3,KARNATAKA
FOOD POISIONING/ACCIDENTAL INTAKE OF INSECTICIDES ETC.,2002,145,43,109,152,0,0,0,KARNATAKA
SNAKE BITE/ANIMAL BITE,2002,407,132,280,412,0,0,0,KARNATAKA
OTHER,2002,903,228,659,887,1,0,1,KARNATAKA
OTHER RAILWAY ACCIDENTS,2002,600,90,523,613,0,0,0,KARNATAKA
OTHER,2002,359,94,272,366,58,18,40,KARNATAKA
DROWNING,2002,1426,455,972,1427,43,13,30,KARNATAKA
FALLS,2002,460,51,413,464,5,1,4,KARNATAKA
FIRE,2002,1238,723,396,1119,6,0,6,KARNATAKA
SUDDEN DEATHS,2002,746,96,652,748,3,0,3,KARNATAKA
POISONING,2002,1499,410,1084,1494,1,0,1,KARNATAKA
ELECTROCUTION,2002,130,19,111,130,0,0,0,KERALA
GAS CYLINDER/STOVE BURST,2002,50,40,12,52,0,0,0,KERALA
FIRE-ARMS,2002,2,0,1,1,1,0,1,KERALA
SUDDEN DEATHS(HEART ATTACKS),2002,544,56,487,543,0,0,0,KERALA
EPILEPTIC FITS/GIDDINESS,2002,34,11,25,36,0,0,0,KERALA
ABORTIONS/CHILD BIRTH,2002,8,8,0,8,0,0,0,KERALA
INFLUENCE OF ALCOHOL,2002,53,0,53,53,0,0,0,KERALA
FOOD POISIONING/ACCIDENTAL INTAKE OF INSECTICIDES ETC.,2002,4,2,3,5,0,0,0,KERALA
SNAKE BITE/ANIMAL BITE,2002,22,10,12,22,0,0,0,KERALA
OTHER,2002,115,29,86,115,0,0,0,KERALA
OTHER RAILWAY ACCIDENTS,2002,316,40,278,318,1,0,1,KERALA
OTHER,2002,545,104,442,546,21,9,12,KERALA
DROWNING,2002,1184,306,942,1248,6,2,4,KERALA
FALLS,2002,416,23,402,425,2,1,1,KERALA
FIRE,2002,202,151,63,214,2,0,2,KERALA
SUDDEN DEATHS,2002,639,75,565,640,0,0,0,KERALA
POISONING,2002,144,42,105,147,0,0,0,KERALA
ELECTROCUTION,2002,847,156,673,829,25,7,18,MADHYA PRADESH
GAS CYLINDER/STOVE BURST,2002,292,205,65,270,24,13,11,MADHYA PRADESH
FIRE-ARMS,2002,171,7,113,120,61,4,57,MADHYA PRADESH
SUDDEN DEATHS(HEART ATTACKS),2002,426,61,364,425,1,0,1,MADHYA PRADESH
EPILEPTIC FITS/GIDDINESS,2002,144,44,99,143,1,0,1,MADHYA PRADESH
ABORTIONS/CHILD BIRTH,2002,84,82,0,82,2,2,0,MADHYA PRADESH
INFLUENCE OF ALCOHOL,2002,318,23,294,317,1,0,1,MADHYA PRADESH
FOOD POISIONING/ACCIDENTAL INTAKE OF INSECTICIDES ETC.,2002,1820,766,1013,1779,35,15,20,MADHYA PRADESH
SNAKE BITE/ANIMAL BITE,2002,1509,620,832,1452,57,30,27,MADHYA PRADESH
OTHER,2002,559,212,348,560,0,0,0,MADHYA PRADESH
OTHER RAILWAY ACCIDENTS,2002,1121,163,960,1123,1,0,1,MADHYA PRADESH
OTHER,2002,2791,694,2101,2795,17,2,15,MADHYA PRADESH
DROWNING,2002,3441,1301,2174,3475,24,7,17,MADHYA PRADESH
FALLS,2002,779,157,606,763,19,3,16,MADHYA PRADESH
FIRE,2002,2365,1601,688,2289,97,47,50,MADHYA PRADESH
SUDDEN DEATHS,2002,972,210,757,967,5,2,3,MADHYA PRADESH
POISONING,2002,3973,1616,2260,3876,92,45,47,MADHYA PRADESH
ELECTROCUTION,2002,990,144,814,958,41,8,33,MAHARASHTRA
GAS CYLINDER/STOVE BURST,2002,80,51,21,72,11,7,4,MAHARASHTRA
FIRE-ARMS,2002,39,0,49,49,3,0,3,MAHARASHTRA
SUDDEN DEATHS(HEART ATTACKS),2002,3577,549,2961,3510,67,25,42,MAHARASHTRA
EPILEPTIC FITS/GIDDINESS,2002,1449,272,910,1182,267,74,193,MAHARASHTRA
ABORTIONS/CHILD BIRTH,2002,268,267,0,267,1,1,0,MAHARASHTRA
INFLUENCE OF ALCOHOL,2002,1283,43,1190,1233,50,5,45,MAHARASHTRA
FOOD POISIONING/ACCIDENTAL INTAKE OF INSECTICIDES ETC.,2002,1935,554,990,1544,611,218,393,MAHARASHTRA
SNAKE BITE/ANIMAL BITE,2002,1374,385,736,1121,257,97,160,MAHARASHTRA
OTHER,2002,111,19,38,57,54,17,37,MAHARASHTRA
OTHER RAILWAY ACCIDENTS,2002,7297,599,4153,4752,2565,285,2280,MAHARASHTRA
OTHER,2002,11598,2648,8621,11269,347,70,277,MAHARASHTRA
DROWNING,2002,4973,1673,3376,5049,20,4,16,MAHARASHTRA
FALLS,2002,1929,262,1477,1739,198,36,162,MAHARASHTRA
FIRE,2002,6191,4057,1691,5748,512,287,225,MAHARASHTRA
SUDDEN DEATHS,2002,6577,1131,5061,6192,385,105,280,MAHARASHTRA
POISONING,2002,3518,982,1850,2832,929,332,597,MAHARASHTRA
ELECTROCUTION,2002,5,0,6,6,0,0,0,MANIPUR
GAS CYLINDER/STOVE BURST,2002,1,0,1,1,0,0,0,MANIPUR
FIRE-ARMS,2002,6,0,6,6,0,0,0,MANIPUR
SUDDEN DEATHS(HEART ATTACKS),2002,9,1,8,9,0,0,0,MANIPUR
EPILEPTIC FITS/GIDDINESS,2002,2,1,1,2,0,0,0,MANIPUR
ABORTIONS/CHILD BIRTH,2002,0,0,0,0,0,0,0,MANIPUR
INFLUENCE OF ALCOHOL,2002,2,0,2,2,0,0,0,MANIPUR
FOOD POISIONING/ACCIDENTAL INTAKE OF INSECTICIDES ETC.,2002,0,0,0,0,0,0,0,MANIPUR
SNAKE BITE/ANIMAL BITE,2002,0,0,0,0,0,0,0,MANIPUR
OTHER,2002,5,0,5,5,0,0,0,MANIPUR
OTHER RAILWAY ACCIDENTS,2002,0,0,0,0,0,0,0,MANIPUR
OTHER,2002,10,1,9,10,0,0,0,MANIPUR
DROWNING,2002,11,1,10,11,0,0,0,MANIPUR
FALLS,2002,3,0,3,3,0,0,0,MANIPUR
FIRE,2002,1,0,1,1,0,0,0,MANIPUR
SUDDEN DEATHS,2002,13,2,11,13,0,0,0,MANIPUR
POISONING,2002,5,0,5,5,0,0,0,MANIPUR
ELECTROCUTION,2002,5,0,5,5,0,0,0,MEGHALAYA
GAS CYLINDER/STOVE BURST,2002,1,1,0,1,0,0,0,MEGHALAYA
FIRE-ARMS,2002,2,0,2,2,0,0,0,MEGHALAYA
SUDDEN DEATHS(HEART ATTACKS),2002,5,0,5,5,0,0,0,MEGHALAYA
EPILEPTIC FITS/GIDDINESS,2002,2,0,2,2,0,0,0,MEGHALAYA
ABORTIONS/CHILD BIRTH,2002,0,0,0,0,0,0,0,MEGHALAYA
INFLUENCE OF ALCOHOL,2002,3,0,3,3,0,0,0,MEGHALAYA
FOOD POISIONING/ACCIDENTAL INTAKE OF INSECTICIDES ETC.,2002,0,0,0,0,0,0,0,MEGHALAYA
SNAKE BITE/ANIMAL BITE,2002,0,0,0,0,0,0,0,MEGHALAYA
OTHER,2002,0,0,0,0,0,0,0,MEGHALAYA
OTHER RAILWAY ACCIDENTS,2002,0,0,0,0,0,0,0,MEGHALAYA
OTHER,2002,1,0,1,1,0,0,0,MEGHALAYA
DROWNING,2002,30,8,19,27,3,1,2,MEGHALAYA
FALLS,2002,9,1,9,10,0,0,0,MEGHALAYA
FIRE,2002,10,5,5,10,0,0,0,MEGHALAYA
SUDDEN DEATHS,2002,10,0,10,10,0,0,0,MEGHALAYA
POISONING,2002,0,0,0,0,0,0,0,MEGHALAYA
ELECTROCUTION,2002,7,0,7,7,0,0,0,MIZORAM
GAS CYLINDER/STOVE BURST,2002,1,3,0,3,0,0,0,MIZORAM
FIRE-ARMS,2002,1,1,0,1,0,0,0,MIZORAM
SUDDEN DEATHS(HEART ATTACKS),2002,0,0,0,0,0,0,0,MIZORAM
EPILEPTIC FITS/GIDDINESS,2002,0,0,0,0,0,0,0,MIZORAM
ABORTIONS/CHILD BIRTH,2002,0,0,0,0,0,0,0,MIZORAM
INFLUENCE OF ALCOHOL,2002,1,0,1,1,0,0,0,MIZORAM
FOOD POISIONING/ACCIDENTAL INTAKE OF INSECTICIDES ETC.,2002,0,0,0,0,0,0,0,MIZORAM
SNAKE BITE/ANIMAL BITE,2002,0,0,0,0,0,0,0,MIZORAM
OTHER,2002,0,0,0,0,0,0,0,MIZORAM
OTHER RAILWAY ACCIDENTS,2002,0,0,0,0,0,0,0,MIZORAM
OTHER,2002,20,3,18,21,0,0,0,MIZORAM
DROWNING,2002,23,2,21,23,0,0,0,MIZORAM
FALLS,2002,16,1,15,16,0,0,0,MIZORAM
FIRE,2002,1,3,0,3,0,0,0,MIZORAM
SUDDEN DEATHS,2002,1,0,1,1,0,0,0,MIZORAM
POISONING,2002,0,0,0,0,0,0,0,MIZORAM
ELECTROCUTION,2002,2,0,2,2,0,0,0,NAGALAND
GAS CYLINDER/STOVE BURST,2002,0,0,0,0,0,0,0,NAGALAND
FIRE-ARMS,2002,5,0,5,5,0,0,0,NAGALAND
SUDDEN DEATHS(HEART ATTACKS),2002,0,0,0,0,0,0,0,NAGALAND
EPILEPTIC FITS/GIDDINESS,2002,0,0,0,0,0,0,0,NAGALAND
ABORTIONS/CHILD BIRTH,2002,0,0,0,0,0,0,0,NAGALAND
INFLUENCE OF ALCOHOL,2002,0,0,0,0,0,0,0,NAGALAND
FOOD POISIONING/ACCIDENTAL INTAKE OF INSECTICIDES ETC.,2002,0,0,0,0,0,0,0,NAGALAND
SNAKE BITE/ANIMAL BITE,2002,0,0,0,0,0,0,0,NAGALAND
OTHER,2002,0,0,0,0,0,0,0,NAGALAND
OTHER RAILWAY ACCIDENTS,2002,6,1,5,6,0,0,0,NAGALAND
OTHER,2002,0,0,0,0,0,0,0,NAGALAND
DROWNING,2002,3,1,2,3,0,0,0,NAGALAND
FALLS,2002,3,0,3,3,0,0,0,NAGALAND
FIRE,2002,0,0,0,0,0,0,0,NAGALAND
SUDDEN DEATHS,2002,0,0,0,0,0,0,0,NAGALAND
POISONING,2002,0,0,0,0,0,0,0,NAGALAND
ELECTROCUTION,2002,155,25,133,158,0,0,0,ODISHA
GAS CYLINDER/STOVE BURST,2002,74,61,13,74,0,0,0,ODISHA
FIRE-ARMS,2002,6,1,6,7,0,0,0,ODISHA
SUDDEN DEATHS(HEART ATTACKS),2002,92,17,63,80,14,0,14,ODISHA
EPILEPTIC FITS/GIDDINESS,2002,41,9,32,41,0,0,0,ODISHA
ABORTIONS/CHILD BIRTH,2002,11,11,0,11,0,0,0,ODISHA
INFLUENCE OF ALCOHOL,2002,37,7,30,37,0,0,0,ODISHA
FOOD POISIONING/ACCIDENTAL INTAKE OF INSECTICIDES ETC.,2002,180,77,116,193,9,2,7,ODISHA
SNAKE BITE/ANIMAL BITE,2002,414,121,294,415,3,1,2,ODISHA
OTHER,2002,360,106,258,364,0,0,0,ODISHA
OTHER RAILWAY ACCIDENTS,2002,341,57,287,344,0,0,0,ODISHA
OTHER,2002,382,115,280,395,0,0,0,ODISHA
DROWNING,2002,400,109,274,383,21,6,15,ODISHA
FALLS,2002,327,65,231,296,32,10,22,ODISHA
FIRE,2002,273,157,122,279,5,3,2,ODISHA
SUDDEN DEATHS,2002,181,44,125,169,14,0,14,ODISHA
POISONING,2002,961,306,673,979,12,3,9,ODISHA
ELECTROCUTION,2002,152,10,142,152,0,0,0,PUNJAB
GAS CYLINDER/STOVE BURST,2002,169,131,34,165,4,4,0,PUNJAB
FIRE-ARMS,2002,261,29,232,261,0,0,0,PUNJAB
SUDDEN DEATHS(HEART ATTACKS),2002,44,6,38,44,0,0,0,PUNJAB
EPILEPTIC FITS/GIDDINESS,2002,3,3,0,3,0,0,0,PUNJAB
ABORTIONS/CHILD BIRTH,2002,101,101,0,101,0,0,0,PUNJAB
INFLUENCE OF ALCOHOL,2002,6,0,6,6,0,0,0,PUNJAB
FOOD POISIONING/ACCIDENTAL INTAKE OF INSECTICIDES ETC.,2002,141,30,111,141,0,0,0,PUNJAB
SNAKE BITE/ANIMAL BITE,2002,23,4,19,23,0,0,0,PUNJAB
OTHER,2002,271,66,205,271,0,0,0,PUNJAB
OTHER RAILWAY ACCIDENTS,2002,371,31,340,371,0,0,0,PUNJAB
OTHER,2002,664,113,551,664,0,0,0,PUNJAB
DROWNING,2002,298,36,262,298,0,0,0,PUNJAB
FALLS,2002,82,7,75,82,0,0,0,PUNJAB
FIRE,2002,266,145,117,262,4,4,0,PUNJAB
SUDDEN DEATHS,2002,154,110,44,154,0,0,0,PUNJAB
POISONING,2002,627,140,484,624,3,1,2,PUNJAB
ELECTROCUTION,2002,354,44,321,365,1,0,1,RAJASTHAN
GAS CYLINDER/STOVE BURST,2002,124,92,31,123,3,2,1,RAJASTHAN
FIRE-ARMS,2002,10,0,10,10,0,0,0,RAJASTHAN
SUDDEN DEATHS(HEART ATTACKS),2002,355,49,306,355,0,0,0,RAJASTHAN
EPILEPTIC FITS/GIDDINESS,2002,197,33,164,197,0,0,0,RAJASTHAN
ABORTIONS/CHILD BIRTH,2002,24,24,0,24,0,0,0,RAJASTHAN
INFLUENCE OF ALCOHOL,2002,198,1,198,199,0,0,0,RAJASTHAN
FOOD POISIONING/ACCIDENTAL INTAKE OF INSECTICIDES ETC.,2002,871,324,550,874,2,0,2,RAJASTHAN
SNAKE BITE/ANIMAL BITE,2002,108,42,67,109,2,0,2,RAJASTHAN
OTHER,2002,172,47,126,173,0,0,0,RAJASTHAN
OTHER RAILWAY ACCIDENTS,2002,232,36,198,234,0,0,0,RAJASTHAN
OTHER,2002,1568,454,1259,1713,0,0,0,RAJASTHAN
DROWNING,2002,1096,368,773,1141,0,0,0,RAJASTHAN
FALLS,2002,599,127,475,602,0,0,0,RAJASTHAN
FIRE,2002,774,436,360,796,3,2,1,RAJASTHAN
SUDDEN DEATHS,2002,774,107,668,775,0,0,0,RAJASTHAN
POISONING,2002,1151,413,743,1156,4,0,4,RAJASTHAN
ELECTROCUTION,2002,0,0,0,0,0,0,0,SIKKIM
GAS CYLINDER/STOVE BURST,2002,3,2,1,3,2,2,0,SIKKIM
FIRE-ARMS,2002,5,0,3,3,2,1,1,SIKKIM
SUDDEN DEATHS(HEART ATTACKS),2002,2,0,2,2,0,0,0,SIKKIM
EPILEPTIC FITS/GIDDINESS,2002,1,0,1,1,0,0,0,SIKKIM
ABORTIONS/CHILD BIRTH,2002,0,0,0,0,0,0,0,SIKKIM
INFLUENCE OF ALCOHOL,2002,8,0,8,8,0,0,0,SIKKIM
FOOD POISIONING/ACCIDENTAL INTAKE OF INSECTICIDES ETC.,2002,12,0,3,3,0,0,0,SIKKIM
SNAKE BITE/ANIMAL BITE,2002,1,0,1,1,0,0,0,SIKKIM
OTHER,2002,1,0,1,1,0,0,0,SIKKIM
OTHER RAILWAY ACCIDENTS,2002,0,0,0,0,0,0,0,SIKKIM
OTHER,2002,24,5,21,26,0,0,0,SIKKIM
DROWNING,2002,13,1,12,13,4,1,3,SIKKIM
FALLS,2002,20,2,18,20,5,1,4,SIKKIM
FIRE,2002,4,3,1,4,4,3,1,SIKKIM
SUDDEN DEATHS,2002,11,0,11,11,0,0,0,SIKKIM
POISONING,2002,15,0,6,6,1,0,1,SIKKIM
ELECTROCUTION,2002,317,32,276,308,14,2,12,TAMIL NADU
GAS CYLINDER/STOVE BURST,2002,745,596,151,747,29,4,25,TAMIL NADU
FIRE-ARMS,2002,11,1,10,11,5,0,5,TAMIL NADU
SUDDEN DEATHS(HEART ATTACKS),2002,542,99,459,558,8,0,8,TAMIL NADU
EPILEPTIC FITS/GIDDINESS,2002,195,51,145,196,12,9,3,TAMIL NADU
ABORTIONS/CHILD BIRTH,2002,16,16,0,16,0,0,0,TAMIL NADU
INFLUENCE OF ALCOHOL,2002,115,3,111,114,1,0,1,TAMIL NADU
FOOD POISIONING/ACCIDENTAL INTAKE OF INSECTICIDES ETC.,2002,140,69,96,165,3,1,2,TAMIL NADU
SNAKE BITE/ANIMAL BITE,2002,353,100,252,352,1,0,1,TAMIL NADU
OTHER,2002,1355,486,944,1430,4,0,4,TAMIL NADU
OTHER RAILWAY ACCIDENTS,2002,0,0,0,0,0,0,0,TAMIL NADU
OTHER,2002,1921,430,1499,1929,0,0,0,TAMIL NADU
DROWNING,2002,738,208,578,786,6,1,5,TAMIL NADU
FALLS,2002,431,62,371,433,31,3,28,TAMIL NADU
FIRE,2002,2026,1462,623,2085,108,58,50,TAMIL NADU
SUDDEN DEATHS,2002,868,169,715,884,21,9,12,TAMIL NADU
POISONING,2002,1899,679,1313,1992,8,1,7,TAMIL NADU
ELECTROCUTION,2002,20,6,14,20,0,0,0,TRIPURA
GAS CYLINDER/STOVE BURST,2002,0,0,0,0,0,0,0,TRIPURA
FIRE-ARMS,2002,0,0,0,0,0,0,0,TRIPURA
SUDDEN DEATHS(HEART ATTACKS),2002,10,1,9,10,0,0,0,TRIPURA
EPILEPTIC FITS/GIDDINESS,2002,0,0,0,0,0,0,0,TRIPURA
ABORTIONS/CHILD BIRTH,2002,0,0,0,0,0,0,0,TRIPURA
INFLUENCE OF ALCOHOL,2002,1,0,1,1,0,0,0,TRIPURA
FOOD POISIONING/ACCIDENTAL INTAKE OF INSECTICIDES ETC.,2002,0,0,0,0,0,0,0,TRIPURA
SNAKE BITE/ANIMAL BITE,2002,1,0,1,1,0,0,0,TRIPURA
OTHER,2002,20,11,9,20,0,0,0,TRIPURA
OTHER RAILWAY ACCIDENTS,2002,1,0,1,1,0,0,0,TRIPURA
OTHER,2002,47,23,24,47,0,0,0,TRIPURA
DROWNING,2002,37,16,21,37,0,0,0,TRIPURA
FALLS,2002,1,0,1,1,0,0,0,TRIPURA
FIRE,2002,4,2,2,4,0,0,0,TRIPURA
SUDDEN DEATHS,2002,11,1,10,11,0,0,0,TRIPURA
POISONING,2002,21,11,10,21,0,0,0,TRIPURA
ELECTROCUTION,2002,275,44,222,266,72,18,54,UTTAR PRADESH
GAS CYLINDER/STOVE BURST,2002,96,80,18,98,21,19,2,UTTAR PRADESH
FIRE-ARMS,2002,2017,164,1415,1579,1055,97,958,UTTAR PRADESH
SUDDEN DEATHS(HEART ATTACKS),2002,180,22,161,183,2,2,0,UTTAR PRADESH
EPILEPTIC FITS/GIDDINESS,2002,56,9,46,55,8,5,3,UTTAR PRADESH
ABORTIONS/CHILD BIRTH,2002,45,41,0,41,0,0,0,UTTAR PRADESH
INFLUENCE OF ALCOHOL,2002,117,3,126,129,15,2,13,UTTAR PRADESH
FOOD POISIONING/ACCIDENTAL INTAKE OF INSECTICIDES ETC.,2002,708,298,522,820,45,13,32,UTTAR PRADESH
SNAKE BITE/ANIMAL BITE,2002,42,17,32,49,0,0,0,UTTAR PRADESH
OTHER,2002,217,65,136,201,54,18,36,UTTAR PRADESH
OTHER RAILWAY ACCIDENTS,2002,1474,295,1560,1855,31,18,13,UTTAR PRADESH
OTHER,2002,899,206,886,1092,377,70,307,UTTAR PRADESH
DROWNING,2002,457,116,359,475,59,25,34,UTTAR PRADESH
FALLS,2002,221,47,189,236,38,4,34,UTTAR PRADESH
FIRE,2002,771,553,299,852,159,66,93,UTTAR PRADESH
SUDDEN DEATHS,2002,398,75,333,408,25,9,16,UTTAR PRADESH
POISONING,2002,1028,390,747,1137,105,33,72,UTTAR PRADESH
ELECTROCUTION,2002,18,3,18,21,0,0,0,UTTARAKHAND
GAS CYLINDER/STOVE BURST,2002,14,14,1,15,0,0,0,UTTARAKHAND
FIRE-ARMS,2002,48,2,33,35,17,1,16,UTTARAKHAND
SUDDEN DEATHS(HEART ATTACKS),2002,42,4,38,42,0,0,0,UTTARAKHAND
EPILEPTIC FITS/GIDDINESS,2002,3,0,2,2,1,0,1,UTTARAKHAND
ABORTIONS/CHILD BIRTH,2002,5,5,0,5,0,0,0,UTTARAKHAND
INFLUENCE OF ALCOHOL,2002,15,0,20,20,0,0,0,UTTARAKHAND
FOOD POISIONING/ACCIDENTAL INTAKE OF INSECTICIDES ETC.,2002,128,61,66,127,1,0,1,UTTARAKHAND
SNAKE BITE/ANIMAL BITE,2002,0,0,0,0,0,0,0,UTTARAKHAND
OTHER,2002,16,4,12,16,0,0,0,UTTARAKHAND
OTHER RAILWAY ACCIDENTS,2002,51,5,46,51,14,4,10,UTTARAKHAND
OTHER,2002,39,1,44,45,0,0,0,UTTARAKHAND
DROWNING,2002,50,11,44,55,0,0,0,UTTARAKHAND
FALLS,2002,47,9,40,49,1,0,1,UTTARAKHAND
FIRE,2002,48,37,12,49,0,0,0,UTTARAKHAND
SUDDEN DEATHS,2002,65,9,60,69,1,0,1,UTTARAKHAND
POISONING,2002,144,65,78,143,1,0,1,UTTARAKHAND
ELECTROCUTION,2002,109,23,86,109,6,2,4,WEST BENGAL
GAS CYLINDER/STOVE BURST,2002,96,54,9,63,51,39,12,WEST BENGAL
FIRE-ARMS,2002,27,0,21,21,7,0,7,WEST BENGAL
SUDDEN DEATHS(HEART ATTACKS),2002,419,85,261,346,75,30,45,WEST BENGAL
EPILEPTIC FITS/GIDDINESS,2002,68,19,29,48,24,10,14,WEST BENGAL
ABORTIONS/CHILD BIRTH,2002,24,16,0,16,8,8,0,WEST BENGAL
INFLUENCE OF ALCOHOL,2002,88,7,56,63,38,14,24,WEST BENGAL
FOOD POISIONING/ACCIDENTAL INTAKE OF INSECTICIDES ETC.,2002,257,112,121,233,61,28,33,WEST BENGAL
SNAKE BITE/ANIMAL BITE,2002,167,61,97,158,11,4,7,WEST BENGAL
OTHER,2002,1171,529,606,1135,120,38,82,WEST BENGAL
OTHER RAILWAY ACCIDENTS,2002,2535,584,1919,2503,59,28,31,WEST BENGAL
OTHER,2002,802,212,480,692,115,38,77,WEST BENGAL
DROWNING,2002,468,144,344,488,43,9,34,WEST BENGAL
FALLS,2002,156,37,108,145,31,8,23,WEST BENGAL
FIRE,2002,1202,734,317,1051,234,125,109,WEST BENGAL
SUDDEN DEATHS,2002,599,127,346,473,145,62,83,WEST BENGAL
POISONING,2002,1595,702,824,1526,192,70,122,WEST BENGAL
ELECTROCUTION,2002,6,1,6,7,0,0,0,A & N ISLANDS
GAS CYLINDER/STOVE BURST,2002,0,0,0,0,0,0,0,A & N ISLANDS
FIRE-ARMS,2002,0,0,0,0,0,0,0,A & N ISLANDS
SUDDEN DEATHS(HEART ATTACKS),2002,18,1,17,18,0,0,0,A & N ISLANDS
EPILEPTIC FITS/GIDDINESS,2002,0,0,0,0,0,0,0,A & N ISLANDS
ABORTIONS/CHILD BIRTH,2002,1,1,0,1,0,0,0,A & N ISLANDS
INFLUENCE OF ALCOHOL,2002,15,0,15,15,0,0,0,A & N ISLANDS
FOOD POISIONING/ACCIDENTAL INTAKE OF INSECTICIDES ETC.,2002,0,0,0,0,0,0,0,A & N ISLANDS
SNAKE BITE/ANIMAL BITE,2002,0,0,0,0,0,0,0,A & N ISLANDS
OTHER,2002,0,0,0,0,0,0,0,A & N ISLANDS
OTHER RAILWAY ACCIDENTS,2002,0,0,0,0,0,0,0,A & N ISLANDS
OTHER,2002,49,11,38,49,0,0,0,A & N ISLANDS
DROWNING,2002,26,5,23,28,0,0,0,A & N ISLANDS
FALLS,2002,12,1,12,13,0,0,0,A & N ISLANDS
FIRE,2002,21,18,3,21,0,0,0,A & N ISLANDS
SUDDEN DEATHS,2002,34,2,32,34,0,0,0,A & N ISLANDS
POISONING,2002,0,0,0,0,0,0,0,A & N ISLANDS
ELECTROCUTION,2002,12,5,7,12,0,0,0,CHANDIGARH
GAS CYLINDER/STOVE BURST,2002,19,13,6,19,0,0,0,CHANDIGARH
FIRE-ARMS,2002,0,0,0,0,0,0,0,CHANDIGARH
SUDDEN DEATHS(HEART ATTACKS),2002,52,6,46,52,0,0,0,CHANDIGARH
EPILEPTIC FITS/GIDDINESS,2002,3,1,2,3,0,0,0,CHANDIGARH
ABORTIONS/CHILD BIRTH,2002,2,2,0,2,0,0,0,CHANDIGARH
INFLUENCE OF ALCOHOL,2002,17,0,17,17,0,0,0,CHANDIGARH
FOOD POISIONING/ACCIDENTAL INTAKE OF INSECTICIDES ETC.,2002,0,0,0,0,0,0,0,CHANDIGARH
SNAKE BITE/ANIMAL BITE,2002,0,0,0,0,0,0,0,CHANDIGARH
OTHER,2002,6,1,5,6,0,0,0,CHANDIGARH
OTHER RAILWAY ACCIDENTS,2002,0,0,0,0,0,0,0,CHANDIGARH
OTHER,2002,115,21,94,115,0,0,0,CHANDIGARH
DROWNING,2002,3,1,4,5,0,0,0,CHANDIGARH
FALLS,2002,23,2,21,23,0,0,0,CHANDIGARH
FIRE,2002,19,13,6,19,0,0,0,CHANDIGARH
SUDDEN DEATHS,2002,74,9,65,74,0,0,0,CHANDIGARH
POISONING,2002,6,1,5,6,0,0,0,CHANDIGARH
ELECTROCUTION,2002,5,1,4,5,0,0,0,D & N HAVELI
GAS CYLINDER/STOVE BURST,2002,0,0,0,0,0,0,0,D & N HAVELI
FIRE-ARMS,2002,0,0,0,0,0,0,0,D & N HAVELI
SUDDEN DEATHS(HEART ATTACKS),2002,6,1,5,6,0,0,0,D & N HAVELI
EPILEPTIC FITS/GIDDINESS,2002,0,0,0,0,0,0,0,D & N HAVELI
ABORTIONS/CHILD BIRTH,2002,1,1,0,1,0,0,0,D & N HAVELI
INFLUENCE OF ALCOHOL,2002,1,0,1,1,0,0,0,D & N HAVELI
FOOD POISIONING/ACCIDENTAL INTAKE OF INSECTICIDES ETC.,2002,0,0,0,0,0,0,0,D & N HAVELI
SNAKE BITE/ANIMAL BITE,2002,3,1,2,3,0,0,0,D & N HAVELI
OTHER,2002,0,0,0,0,0,0,0,D & N HAVELI
OTHER RAILWAY ACCIDENTS,2002,0,0,0,0,0,0,0,D & N HAVELI
OTHER,2002,24,6,18,24,0,0,0,D & N HAVELI
DROWNING,2002,10,3,7,10,0,0,0,D & N HAVELI
FALLS,2002,8,0,8,8,0,0,0,D & N HAVELI
FIRE,2002,9,6,3,9,0,0,0,D & N HAVELI
SUDDEN DEATHS,2002,8,2,6,8,0,0,0,D & N HAVELI
POISONING,2002,3,1,2,3,0,0,0,D & N HAVELI
ELECTROCUTION,2002,4,0,4,4,0,0,0,DAMAN & DIU
GAS CYLINDER/STOVE BURST,2002,0,0,0,0,0,0,0,DAMAN & DIU
FIRE-ARMS,2002,0,0,0,0,0,0,0,DAMAN & DIU
SUDDEN DEATHS(HEART ATTACKS),2002,5,0,5,5,0,0,0,DAMAN & DIU
EPILEPTIC FITS/GIDDINESS,2002,2,0,2,2,0,0,0,DAMAN & DIU
ABORTIONS/CHILD BIRTH,2002,0,0,0,0,0,0,0,DAMAN & DIU
INFLUENCE OF ALCOHOL,2002,1,0,1,1,0,0,0,DAMAN & DIU
FOOD POISIONING/ACCIDENTAL INTAKE OF INSECTICIDES ETC.,2002,0,0,0,0,0,0,0,DAMAN & DIU
SNAKE BITE/ANIMAL BITE,2002,0,0,0,0,0,0,0,DAMAN & DIU
OTHER,2002,0,0,0,0,0,0,0,DAMAN & DIU
OTHER RAILWAY ACCIDENTS,2002,0,0,0,0,0,0,0,DAMAN & DIU
OTHER,2002,28,2,26,28,0,0,0,DAMAN & DIU
DROWNING,2002,13,0,14,14,0,0,0,DAMAN & DIU
FALLS,2002,8,0,8,8,0,0,0,DAMAN & DIU
FIRE,2002,7,6,1,7,0,0,0,DAMAN & DIU
SUDDEN DEATHS,2002,8,0,8,8,0,0,0,DAMAN & DIU
POISONING,2002,0,0,0,0,0,0,0,DAMAN & DIU
ELECTROCUTION,2002,135,29,112,141,10,1,9,DELHI(UT)
GAS CYLINDER/STOVE BURST,2002,144,109,41,150,13,6,7,DELHI(UT)
FIRE-ARMS,2002,55,13,24,37,18,2,16,DELHI(UT)
SUDDEN DEATHS(HEART ATTACKS),2002,207,18,188,206,1,1,0,DELHI(UT)
EPILEPTIC FITS/GIDDINESS,2002,27,3,22,25,2,1,1,DELHI(UT)
ABORTIONS/CHILD BIRTH,2002,23,22,0,22,1,1,0,DELHI(UT)
INFLUENCE OF ALCOHOL,2002,98,0,98,98,1,0,1,DELHI(UT)
FOOD POISIONING/ACCIDENTAL INTAKE OF INSECTICIDES ETC.,2002,111,31,76,107,4,1,3,DELHI(UT)
SNAKE BITE/ANIMAL BITE,2002,9,0,8,8,1,0,1,DELHI(UT)
OTHER,2002,65,19,42,61,6,0,6,DELHI(UT)
OTHER RAILWAY ACCIDENTS,2002,818,82,721,803,15,0,15,DELHI(UT)
OTHER,2002,217,53,183,236,6,0,6,DELHI(UT)
DROWNING,2002,144,14,131,145,0,0,0,DELHI(UT)
FALLS,2002,249,43,220,263,19,1,18,DELHI(UT)
FIRE,2002,505,356,178,534,45,21,24,DELHI(UT)
SUDDEN DEATHS,2002,355,43,308,351,5,3,2,DELHI(UT)
POISONING,2002,221,50,144,194,29,1,28,DELHI(UT)
ELECTROCUTION,2002,0,0,0,0,0,0,0,LAKSHADWEEP
GAS CYLINDER/STOVE BURST,2002,0,0,0,0,0,0,0,LAKSHADWEEP
FIRE-ARMS,2002,0,0,0,0,0,0,0,LAKSHADWEEP
SUDDEN DEATHS(HEART ATTACKS),2002,0,0,0,0,0,0,0,LAKSHADWEEP
EPILEPTIC FITS/GIDDINESS,2002,0,0,0,0,0,0,0,LAKSHADWEEP
ABORTIONS/CHILD BIRTH,2002,0,0,0,0,0,0,0,LAKSHADWEEP
INFLUENCE OF ALCOHOL,2002,0,0,0,0,0,0,0,LAKSHADWEEP
FOOD POISIONING/ACCIDENTAL INTAKE OF INSECTICIDES ETC.,2002,0,0,0,0,0,0,0,LAKSHADWEEP
SNAKE BITE/ANIMAL BITE,2002,0,0,0,0,0,0,0,LAKSHADWEEP
OTHER,2002,0,0,0,0,0,0,0,LAKSHADWEEP
OTHER RAILWAY ACCIDENTS,2002,0,0,0,0,0,0,0,LAKSHADWEEP
OTHER,2002,0,0,0,0,0,0,0,LAKSHADWEEP
DROWNING,2002,2,0,2,2,0,0,0,LAKSHADWEEP
FALLS,2002,0,0,0,0,0,0,0,LAKSHADWEEP
FIRE,2002,1,1,0,1,0,0,0,LAKSHADWEEP
SUDDEN DEATHS,2002,0,0,0,0,0,0,0,LAKSHADWEEP
POISONING,2002,0,0,0,0,0,0,0,LAKSHADWEEP
ELECTROCUTION,2002,17,3,14,17,0,0,0,PUDUCHERRY
GAS CYLINDER/STOVE BURST,2002,1,0,1,1,0,0,0,PUDUCHERRY
FIRE-ARMS,2002,0,0,0,0,0,0,0,PUDUCHERRY
SUDDEN DEATHS(HEART ATTACKS),2002,64,6,58,64,0,0,0,PUDUCHERRY
EPILEPTIC FITS/GIDDINESS,2002,49,8,41,49,0,0,0,PUDUCHERRY
ABORTIONS/CHILD BIRTH,2002,1,1,0,1,0,0,0,PUDUCHERRY
INFLUENCE OF ALCOHOL,2002,100,0,100,100,0,0,0,PUDUCHERRY
FOOD POISIONING/ACCIDENTAL INTAKE OF INSECTICIDES ETC.,2002,9,8,1,9,0,0,0,PUDUCHERRY
SNAKE BITE/ANIMAL BITE,2002,18,5,13,18,0,0,0,PUDUCHERRY
OTHER,2002,2,1,1,2,0,0,0,PUDUCHERRY
OTHER RAILWAY ACCIDENTS,2002,1,1,0,1,0,0,0,PUDUCHERRY
OTHER,2002,5,1,4,5,0,0,0,PUDUCHERRY
DROWNING,2002,79,15,64,79,0,0,0,PUDUCHERRY
FALLS,2002,41,6,35,41,0,0,0,PUDUCHERRY
FIRE,2002,37,33,5,38,0,0,0,PUDUCHERRY
SUDDEN DEATHS,2002,214,15,199,214,0,0,0,PUDUCHERRY
POISONING,2002,29,14,15,29,0,0,0,PUDUCHERRY
