MALE KILLED,FEMALE INJURED,FEMALE KILLED,CAUSE,CASES,MALE INJURED,YEAR,TOTAL INJURED,STATE/UT,TOTAL KILLED
653,13,65,ELECTROCUTION,703,29,2002,42,ANDHRA PRADESH,718
154,64,639,GAS CYLINDER/STOVE BURST,854,26,2002,90,ANDHRA PRADESH,793
5,0,1,FIRE-ARMS,6,1,2002,1,ANDHRA PRADESH,6
276,0,59,SUDDEN DEATHS(HEART ATTACKS),335,0,2002,0,ANDHRA PRADESH,335
87,2,12,EPILEPTIC FITS/GIDDINESS,104,3,2002,5,ANDHRA PRADESH,99
0,0,10,ABORTIONS/CHILD BIRTH,10,0,2002,0,ANDHRA PRADESH,10
202,0,10,INFLUENCE OF ALCOHOL,211,3,2002,3,ANDHRA PRADESH,212
217,2,67,FOOD POISIONING/ACCIDENTAL INTAKE OF INSECTICIDES ETC.,274,6,2002,8,ANDHRA PRADESH,284
617,1,184,SNAKE BITE/ANIMAL BITE,791,5,2002,6,ANDHRA PRADESH,801
584,0,272,OTHER,813,3,2002,3,ANDHRA PRADESH,856
1017,0,169,RAILWAY ACCIDENTS,1185,0,2002,0,ANDHRA PRADESH,1186
1114,23,316,DROWNING,1430,57,2002,80,ANDHRA PRADESH,1430
601,2,84,FALLS,698,43,2002,45,ANDHRA PRADESH,685
623,85,1182,FIRE,1855,71,2002,156,ANDHRA PRADESH,1805
565,2,91,SUDDEN DEATHS,660,6,2002,8,ANDHRA PRADESH,656
1539,3,616,POISONING,2091,14,2002,17,ANDHRA PRADESH,2155
0,0,0,ELECTROCUTION,0,0,2002,0,ARUNACHAL PRADESH,0
0,0,0,GAS CYLINDER/STOVE BURST,0,0,2002,0,ARUNACHAL PRADESH,0
2,0,0,FIRE-ARMS,2,0,2002,0,ARUNACHAL PRADESH,2
2,0,0,SUDDEN DEATHS(HEART ATTACKS),2,0,2002,0,ARUNACHAL PRADESH,2
1,0,0,EPILEPTIC FITS/GIDDINESS,1,0,2002,0,ARUNACHAL PRADESH,1
0,0,0,ABORTIONS/CHILD BIRTH,0,0,2002,0,ARUNACHAL PRADESH,0
6,0,0,INFLUENCE OF ALCOHOL,6,0,2002,0,ARUNACHAL PRADESH,6
0,0,0,FOOD POISIONING/ACCIDENTAL INTAKE OF INSECTICIDES ETC.,0,0,2002,0,ARUNACHAL PRADESH,0
0,0,0,SNAKE BITE/ANIMAL BITE,0,0,2002,0,ARUNACHAL PRADESH,0
0,0,0,OTHER,0,0,2002,0,ARUNACHAL PRADESH,0
0,0,0,RAILWAY ACCIDENTS,0,0,2002,0,ARUNACHAL PRADESH,0
14,0,6,DROWNING,19,0,2002,0,ARUNACHAL PRADESH,20
12,0,2,FALLS,14,0,2002,0,ARUNACHAL PRADESH,14
3,0,1,FIRE,4,0,2002,0,ARUNACHAL PRADESH,4
9,0,0,SUDDEN DEATHS,9,0,2002,0,ARUNACHAL PRADESH,9
0,0,0,POISONING,0,0,2002,0,ARUNACHAL PRADESH,0
45,0,2,ELECTROCUTION,46,0,2002,0,ASSAM,47
6,0,12,GAS CYLINDER/STOVE BURST,15,0,2002,0,ASSAM,18
7,0,1,FIRE-ARMS,8,0,2002,0,ASSAM,8
82,0,12,SUDDEN DEATHS(HEART ATTACKS),93,0,2002,0,ASSAM,94
0,0,0,EPILEPTIC FITS/GIDDINESS,0,0,2002,0,ASSAM,0
0,0,3,ABORTIONS/CHILD BIRTH,3,0,2002,0,ASSAM,3
2,0,0,INFLUENCE OF ALCOHOL,2,0,2002,0,ASSAM,2
6,0,6,FOOD POISIONING/ACCIDENTAL INTAKE OF INSECTICIDES ETC.,12,0,2002,0,ASSAM,12
3,0,2,SNAKE BITE/ANIMAL BITE,5,0,2002,0,ASSAM,5
77,0,52,OTHER,129,0,2002,0,ASSAM,129
289,0,33,RAILWAY ACCIDENTS,322,0,2002,0,ASSAM,322
168,0,76,DROWNING,234,0,2002,0,ASSAM,244
15,0,0,FALLS,15,0,2002,0,ASSAM,15
80,9,118,FIRE,194,14,2002,23,ASSAM,198
84,0,15,SUDDEN DEATHS,98,0,2002,0,ASSAM,99
86,0,60,POISONING,146,0,2002,0,ASSAM,146
34,1,6,ELECTROCUTION,39,6,2002,7,BIHAR,40
16,6,82,GAS CYLINDER/STOVE BURST,93,3,2002,9,BIHAR,98
4,0,3,FIRE-ARMS,9,3,2002,3,BIHAR,7
33,6,15,SUDDEN DEATHS(HEART ATTACKS),56,9,2002,15,BIHAR,48
11,0,5,EPILEPTIC FITS/GIDDINESS,17,1,2002,1,BIHAR,16
0,0,1,ABORTIONS/CHILD BIRTH,1,0,2002,0,BIHAR,1
34,0,1,INFLUENCE OF ALCOHOL,35,0,2002,0,BIHAR,35
144,0,92,FOOD POISIONING/ACCIDENTAL INTAKE OF INSECTICIDES ETC.,218,3,2002,3,BIHAR,236
23,1,29,SNAKE BITE/ANIMAL BITE,55,2,2002,3,BIHAR,52
112,5,46,OTHER,167,14,2002,19,BIHAR,158
519,0,82,RAILWAY ACCIDENTS,600,2,2002,2,BIHAR,601
240,4,76,DROWNING,270,10,2002,14,BIHAR,316
59,5,6,FALLS,69,6,2002,11,BIHAR,65
100,23,265,FIRE,364,24,2002,47,BIHAR,365
78,6,22,SUDDEN DEATHS,109,10,2002,16,BIHAR,100
314,9,185,POISONING,485,21,2002,30,BIHAR,499
237,0,41,ELECTROCUTION,277,3,2002,3,CHHATTISGARH,278
5,0,19,GAS CYLINDER/STOVE BURST,24,0,2002,0,CHHATTISGARH,24
10,0,1,FIRE-ARMS,11,0,2002,0,CHHATTISGARH,11
162,0,26,SUDDEN DEATHS(HEART ATTACKS),188,0,2002,0,CHHATTISGARH,188
64,0,24,EPILEPTIC FITS/GIDDINESS,88,0,2002,0,CHHATTISGARH,88
0,0,37,ABORTIONS/CHILD BIRTH,37,0,2002,0,CHHATTISGARH,37
178,0,14,INFLUENCE OF ALCOHOL,192,0,2002,0,CHHATTISGARH,192
403,0,210,FOOD POISIONING/ACCIDENTAL INTAKE OF INSECTICIDES ETC.,607,0,2002,0,CHHATTISGARH,613
482,0,316,SNAKE BITE/ANIMAL BITE,797,0,2002,0,CHHATTISGARH,798
105,0,66,OTHER,171,0,2002,0,CHHATTISGARH,171
301,0,65,RAILWAY ACCIDENTS,366,2,2002,2,CHHATTISGARH,366
712,0,437,DROWNING,1146,0,2002,0,CHHATTISGARH,1149
257,0,51,FALLS,308,0,2002,0,CHHATTISGARH,308
144,0,404,FIRE,544,0,2002,0,CHHATTISGARH,548
404,0,101,SUDDEN DEATHS,505,0,2002,0,CHHATTISGARH,505
1020,0,592,POISONING,1605,0,2002,0,CHHATTISGARH,1612
16,0,4,ELECTROCUTION,22,0,2002,0,GOA,20
0,0,7,GAS CYLINDER/STOVE BURST,6,1,2002,1,GOA,7
0,0,0,FIRE-ARMS,0,0,2002,0,GOA,0
26,0,7,SUDDEN DEATHS(HEART ATTACKS),17,0,2002,0,GOA,33
3,0,0,EPILEPTIC FITS/GIDDINESS,3,0,2002,0,GOA,3
0,0,2,ABORTIONS/CHILD BIRTH,2,0,2002,0,GOA,2
20,0,0,INFLUENCE OF ALCOHOL,20,0,2002,0,GOA,20
2,0,0,FOOD POISIONING/ACCIDENTAL INTAKE OF INSECTICIDES ETC.,1,0,2002,0,GOA,2
1,0,1,SNAKE BITE/ANIMAL BITE,4,0,2002,0,GOA,2
10,0,4,OTHER,15,0,2002,0,GOA,14
34,0,3,RAILWAY ACCIDENTS,38,0,2002,0,GOA,37
170,0,17,DROWNING,163,0,2002,0,GOA,187
79,0,9,FALLS,92,0,2002,0,GOA,88
11,0,34,FIRE,46,2,2002,2,GOA,45
49,0,9,SUDDEN DEATHS,42,0,2002,0,GOA,58
13,0,5,POISONING,20,0,2002,0,GOA,18
362,6,78,ELECTROCUTION,448,8,2002,14,GUJARAT,440
152,17,531,GAS CYLINDER/STOVE BURST,696,15,2002,32,GUJARAT,683
2,0,0,FIRE-ARMS,2,0,2002,0,GUJARAT,2
870,0,124,SUDDEN DEATHS(HEART ATTACKS),994,0,2002,0,GUJARAT,994
244,0,62,EPILEPTIC FITS/GIDDINESS,306,0,2002,0,GUJARAT,306
0,0,18,ABORTIONS/CHILD BIRTH,18,0,2002,0,GUJARAT,18
37,0,1,INFLUENCE OF ALCOHOL,38,0,2002,0,GUJARAT,38
242,38,194,FOOD POISIONING/ACCIDENTAL INTAKE OF INSECTICIDES ETC.,511,39,2002,77,GUJARAT,436
188,7,118,SNAKE BITE/ANIMAL BITE,312,8,2002,15,GUJARAT,306
180,8,119,OTHER,317,11,2002,19,GUJARAT,299
1095,0,168,RAILWAY ACCIDENTS,1251,0,2002,0,GUJARAT,1263
871,0,256,DROWNING,1100,0,2002,0,GUJARAT,1127
636,8,151,FALLS,814,22,2002,30,GUJARAT,787
740,58,1823,FIRE,2608,49,2002,107,GUJARAT,2563
1151,0,205,SUDDEN DEATHS,1356,0,2002,0,GUJARAT,1356
629,53,438,POISONING,1161,58,2002,111,GUJARAT,1067
20,0,0,ELECTROCUTION,20,0,2002,0,HARYANA,20
4,0,9,GAS CYLINDER/STOVE BURST,9,0,2002,0,HARYANA,13
0,0,0,FIRE-ARMS,0,0,2002,0,HARYANA,0
4,0,2,SUDDEN DEATHS(HEART ATTACKS),6,0,2002,0,HARYANA,6
0,0,0,EPILEPTIC FITS/GIDDINESS,0,0,2002,0,HARYANA,0
0,0,0,ABORTIONS/CHILD BIRTH,0,0,2002,0,HARYANA,0
0,0,0,INFLUENCE OF ALCOHOL,0,0,2002,0,HARYANA,0
0,0,0,FOOD POISIONING/ACCIDENTAL INTAKE OF INSECTICIDES ETC.,0,0,2002,0,HARYANA,0
0,0,0,SNAKE BITE/ANIMAL BITE,0,0,2002,0,HARYANA,0
28,0,25,OTHER,53,0,2002,0,HARYANA,53
0,0,0,RAILWAY ACCIDENTS,0,0,2002,0,HARYANA,0
41,0,9,DROWNING,50,0,2002,0,HARYANA,50
16,0,2,FALLS,12,1,2002,1,HARYANA,18
10,0,11,FIRE,17,0,2002,0,HARYANA,21
4,0,2,SUDDEN DEATHS,6,0,2002,0,HARYANA,6
28,0,25,POISONING,53,0,2002,0,HARYANA,53
5,0,1,ELECTROCUTION,6,0,2002,0,HIMACHAL PRADESH,6
3,0,9,GAS CYLINDER/STOVE BURST,12,1,2002,1,HIMACHAL PRADESH,12
1,0,0,FIRE-ARMS,1,0,2002,0,HIMACHAL PRADESH,1
81,0,6,SUDDEN DEATHS(HEART ATTACKS),87,0,2002,0,HIMACHAL PRADESH,87
5,0,2,EPILEPTIC FITS/GIDDINESS,7,0,2002,0,HIMACHAL PRADESH,7
0,0,0,ABORTIONS/CHILD BIRTH,0,0,2002,0,HIMACHAL PRADESH,0
34,0,0,INFLUENCE OF ALCOHOL,34,0,2002,0,HIMACHAL PRADESH,34
26,0,11,FOOD POISIONING/ACCIDENTAL INTAKE OF INSECTICIDES ETC.,37,0,2002,0,HIMACHAL PRADESH,37
7,0,1,SNAKE BITE/ANIMAL BITE,8,0,2002,0,HIMACHAL PRADESH,8
33,0,4,OTHER,37,0,2002,0,HIMACHAL PRADESH,37
1,0,0,RAILWAY ACCIDENTS,1,0,2002,0,HIMACHAL PRADESH,1
59,0,20,DROWNING,78,0,2002,0,HIMACHAL PRADESH,79
122,0,9,FALLS,131,3,2002,3,HIMACHAL PRADESH,131
23,3,18,FIRE,40,4,2002,7,HIMACHAL PRADESH,41
120,0,8,SUDDEN DEATHS,128,0,2002,0,HIMACHAL PRADESH,128
86,0,36,POISONING,122,0,2002,0,HIMACHAL PRADESH,122
10,0,2,ELECTROCUTION,9,0,2002,0,JAMMU & KASHMIR,12
0,0,3,GAS CYLINDER/STOVE BURST,2,0,2002,0,JAMMU & KASHMIR,3
301,105,97,FIRE-ARMS,575,542,2002,647,JAMMU & KASHMIR,398
64,0,9,SUDDEN DEATHS(HEART ATTACKS),73,0,2002,0,JAMMU & KASHMIR,73
1,0,0,EPILEPTIC FITS/GIDDINESS,1,0,2002,0,JAMMU & KASHMIR,1
0,0,3,ABORTIONS/CHILD BIRTH,3,0,2002,0,JAMMU & KASHMIR,3
2,0,0,INFLUENCE OF ALCOHOL,2,0,2002,0,JAMMU & KASHMIR,2
3,0,2,FOOD POISIONING/ACCIDENTAL INTAKE OF INSECTICIDES ETC.,4,0,2002,0,JAMMU & KASHMIR,5
1,0,0,SNAKE BITE/ANIMAL BITE,1,0,2002,0,JAMMU & KASHMIR,1
8,0,4,OTHER,8,0,2002,0,JAMMU & KASHMIR,12
0,0,0,RAILWAY ACCIDENTS,0,0,2002,0,JAMMU & KASHMIR,0
21,0,8,DROWNING,26,2,2002,2,JAMMU & KASHMIR,29
41,9,17,FALLS,69,65,2002,74,JAMMU & KASHMIR,58
6,0,9,FIRE,14,0,2002,0,JAMMU & KASHMIR,15
67,0,12,SUDDEN DEATHS,79,0,2002,0,JAMMU & KASHMIR,79
21,0,13,POISONING,29,0,2002,0,JAMMU & KASHMIR,34
0,0,0,ELECTROCUTION,0,0,2002,0,JHARKHAND,0
0,0,0,GAS CYLINDER/STOVE BURST,0,0,2002,0,JHARKHAND,0
1,0,0,FIRE-ARMS,1,1,2002,1,JHARKHAND,1
6,0,4,SUDDEN DEATHS(HEART ATTACKS),10,0,2002,0,JHARKHAND,10
0,0,0,EPILEPTIC FITS/GIDDINESS,0,0,2002,0,JHARKHAND,0
0,0,0,ABORTIONS/CHILD BIRTH,0,0,2002,0,JHARKHAND,0
7,1,3,INFLUENCE OF ALCOHOL,12,1,2002,2,JHARKHAND,10
0,0,0,FOOD POISIONING/ACCIDENTAL INTAKE OF INSECTICIDES ETC.,0,0,2002,0,JHARKHAND,0
2,2,3,SNAKE BITE/ANIMAL BITE,8,1,2002,3,JHARKHAND,5
0,0,0,OTHER,0,0,2002,0,JHARKHAND,0
118,72,19,RAILWAY ACCIDENTS,142,75,2002,147,JHARKHAND,137
0,0,0,DROWNING,0,0,2002,0,JHARKHAND,0
8,1,6,FALLS,16,1,2002,2,JHARKHAND,14
1,1,3,FIRE,5,1,2002,2,JHARKHAND,4
13,1,7,SUDDEN DEATHS,22,1,2002,2,JHARKHAND,20
6,2,4,POISONING,14,2,2002,4,JHARKHAND,10
228,0,30,ELECTROCUTION,257,0,2002,0,KARNATAKA,258
59,0,153,GAS CYLINDER/STOVE BURST,209,0,2002,0,KARNATAKA,212
6,0,7,FIRE-ARMS,12,0,2002,0,KARNATAKA,13
370,0,41,SUDDEN DEATHS(HEART ATTACKS),404,0,2002,0,KARNATAKA,411
48,0,24,EPILEPTIC FITS/GIDDINESS,72,0,2002,0,KARNATAKA,72
0,0,10,ABORTIONS/CHILD BIRTH,10,0,2002,0,KARNATAKA,10
234,0,21,INFLUENCE OF ALCOHOL,260,3,2002,3,KARNATAKA,255
109,0,43,FOOD POISIONING/ACCIDENTAL INTAKE OF INSECTICIDES ETC.,145,0,2002,0,KARNATAKA,152
280,0,132,SNAKE BITE/ANIMAL BITE,407,0,2002,0,KARNATAKA,412
659,0,228,OTHER,903,1,2002,1,KARNATAKA,887
523,0,90,RAILWAY ACCIDENTS,600,0,2002,0,KARNATAKA,613
972,13,455,DROWNING,1426,30,2002,43,KARNATAKA,1427
413,1,51,FALLS,460,4,2002,5,KARNATAKA,464
396,0,723,FIRE,1238,6,2002,6,KARNATAKA,1119
652,0,96,SUDDEN DEATHS,746,3,2002,3,KARNATAKA,748
1084,0,410,POISONING,1499,1,2002,1,KARNATAKA,1494
111,0,19,ELECTROCUTION,130,0,2002,0,KERALA,130
12,0,40,GAS CYLINDER/STOVE BURST,50,0,2002,0,KERALA,52
1,0,0,FIRE-ARMS,2,1,2002,1,KERALA,1
487,0,56,SUDDEN DEATHS(HEART ATTACKS),544,0,2002,0,KERALA,543
25,0,11,EPILEPTIC FITS/GIDDINESS,34,0,2002,0,KERALA,36
0,0,8,ABORTIONS/CHILD BIRTH,8,0,2002,0,KERALA,8
53,0,0,INFLUENCE OF ALCOHOL,53,0,2002,0,KERALA,53
3,0,2,FOOD POISIONING/ACCIDENTAL INTAKE OF INSECTICIDES ETC.,4,0,2002,0,KERALA,5
12,0,10,SNAKE BITE/ANIMAL BITE,22,0,2002,0,KERALA,22
86,0,29,OTHER,115,0,2002,0,KERALA,115
278,0,40,RAILWAY ACCIDENTS,316,1,2002,1,KERALA,318
942,2,306,DROWNING,1184,4,2002,6,KERALA,1248
402,1,23,FALLS,416,1,2002,2,KERALA,425
63,0,151,FIRE,202,2,2002,2,KERALA,214
565,0,75,SUDDEN DEATHS,639,0,2002,0,KERALA,640
105,0,42,POISONING,144,0,2002,0,KERALA,147
673,7,156,ELECTROCUTION,847,18,2002,25,MADHYA PRADESH,829
65,13,205,GAS CYLINDER/STOVE BURST,292,11,2002,24,MADHYA PRADESH,270
113,4,7,FIRE-ARMS,171,57,2002,61,MADHYA PRADESH,120
364,0,61,SUDDEN DEATHS(HEART ATTACKS),426,1,2002,1,MADHYA PRADESH,425
99,0,44,EPILEPTIC FITS/GIDDINESS,144,1,2002,1,MADHYA PRADESH,143
0,2,82,ABORTIONS/CHILD BIRTH,84,0,2002,2,MADHYA PRADESH,82
294,0,23,INFLUENCE OF ALCOHOL,318,1,2002,1,MADHYA PRADESH,317
1013,15,766,FOOD POISIONING/ACCIDENTAL INTAKE OF INSECTICIDES ETC.,1820,20,2002,35,MADHYA PRADESH,1779
832,30,620,SNAKE BITE/ANIMAL BITE,1509,27,2002,57,MADHYA PRADESH,1452
348,0,212,OTHER,559,0,2002,0,MADHYA PRADESH,560
960,0,163,RAILWAY ACCIDENTS,1121,1,2002,1,MADHYA PRADESH,1123
2174,7,1301,DROWNING,3441,17,2002,24,MADHYA PRADESH,3475
606,3,157,FALLS,779,16,2002,19,MADHYA PRADESH,763
688,47,1601,FIRE,2365,50,2002,97,MADHYA PRADESH,2289
757,2,210,SUDDEN DEATHS,972,3,2002,5,MADHYA PRADESH,967
2260,45,1616,POISONING,3973,47,2002,92,MADHYA PRADESH,3876
814,8,144,ELECTROCUTION,990,33,2002,41,MAHARASHTRA,958
21,7,51,GAS CYLINDER/STOVE BURST,80,4,2002,11,MAHARASHTRA,72
49,0,0,FIRE-ARMS,39,3,2002,3,MAHARASHTRA,49
2961,25,549,SUDDEN DEATHS(HEART ATTACKS),3577,42,2002,67,MAHARASHTRA,3510
910,74,272,EPILEPTIC FITS/GIDDINESS,1449,193,2002,267,MAHARASHTRA,1182
0,1,267,ABORTIONS/CHILD BIRTH,268,0,2002,1,MAHARASHTRA,267
1190,5,43,INFLUENCE OF ALCOHOL,1283,45,2002,50,MAHARASHTRA,1233
990,218,554,FOOD POISIONING/ACCIDENTAL INTAKE OF INSECTICIDES ETC.,1935,393,2002,611,MAHARASHTRA,1544
736,97,385,SNAKE BITE/ANIMAL BITE,1374,160,2002,257,MAHARASHTRA,1121
38,17,19,OTHER,111,37,2002,54,MAHARASHTRA,57
4153,285,599,RAILWAY ACCIDENTS,7297,2280,2002,2565,MAHARASHTRA,4752
3376,4,1673,DROWNING,4973,16,2002,20,MAHARASHTRA,5049
1477,36,262,FALLS,1929,162,2002,198,MAHARASHTRA,1739
1691,287,4057,FIRE,6191,225,2002,512,MAHARASHTRA,5748
5061,105,1131,SUDDEN DEATHS,6577,280,2002,385,MAHARASHTRA,6192
1850,332,982,POISONING,3518,597,2002,929,MAHARASHTRA,2832
6,0,0,ELECTROCUTION,5,0,2002,0,MANIPUR,6
1,0,0,GAS CYLINDER/STOVE BURST,1,0,2002,0,MANIPUR,1
6,0,0,FIRE-ARMS,6,0,2002,0,MANIPUR,6
8,0,1,SUDDEN DEATHS(HEART ATTACKS),9,0,2002,0,MANIPUR,9
1,0,1,EPILEPTIC FITS/GIDDINESS,2,0,2002,0,MANIPUR,2
0,0,0,ABORTIONS/CHILD BIRTH,0,0,2002,0,MANIPUR,0
2,0,0,INFLUENCE OF ALCOHOL,2,0,2002,0,MANIPUR,2
0,0,0,FOOD POISIONING/ACCIDENTAL INTAKE OF INSECTICIDES ETC.,0,0,2002,0,MANIPUR,0
0,0,0,SNAKE BITE/ANIMAL BITE,0,0,2002,0,MANIPUR,0
5,0,0,OTHER,5,0,2002,0,MANIPUR,5
0,0,0,RAILWAY ACCIDENTS,0,0,2002,0,MANIPUR,0
10,0,1,DROWNING,11,0,2002,0,MANIPUR,11
3,0,0,FALLS,3,0,2002,0,MANIPUR,3
1,0,0,FIRE,1,0,2002,0,MANIPUR,1
11,0,2,SUDDEN DEATHS,13,0,2002,0,MANIPUR,13
5,0,0,POISONING,5,0,2002,0,MANIPUR,5
5,0,0,ELECTROCUTION,5,0,2002,0,MEGHALAYA,5
0,0,1,GAS CYLINDER/STOVE BURST,1,0,2002,0,MEGHALAYA,1
2,0,0,FIRE-ARMS,2,0,2002,0,MEGHALAYA,2
5,0,0,SUDDEN DEATHS(HEART ATTACKS),5,0,2002,0,MEGHALAYA,5
2,0,0,EPILEPTIC FITS/GIDDINESS,2,0,2002,0,MEGHALAYA,2
0,0,0,ABORTIONS/CHILD BIRTH,0,0,2002,0,MEGHALAYA,0
3,0,0,INFLUENCE OF ALCOHOL,3,0,2002,0,MEGHALAYA,3
0,0,0,FOOD POISIONING/ACCIDENTAL INTAKE OF INSECTICIDES ETC.,0,0,2002,0,MEGHALAYA,0
0,0,0,SNAKE BITE/ANIMAL BITE,0,0,2002,0,MEGHALAYA,0
0,0,0,OTHER,0,0,2002,0,MEGHALAYA,0
0,0,0,RAILWAY ACCIDENTS,0,0,2002,0,MEGHALAYA,0
19,1,8,DROWNING,30,2,2002,3,MEGHALAYA,27
9,0,1,FALLS,9,0,2002,0,MEGHALAYA,10
5,0,5,FIRE,10,0,2002,0,MEGHALAYA,10
10,0,0,SUDDEN DEATHS,10,0,2002,0,MEGHALAYA,10
0,0,0,POISONING,0,0,2002,0,MEGHALAYA,0
7,0,0,ELECTROCUTION,7,0,2002,0,MIZORAM,7
0,0,3,GAS CYLINDER/STOVE BURST,1,0,2002,0,MIZORAM,3
0,0,1,FIRE-ARMS,1,0,2002,0,MIZORAM,1
0,0,0,SUDDEN DEATHS(HEART ATTACKS),0,0,2002,0,MIZORAM,0
0,0,0,EPILEPTIC FITS/GIDDINESS,0,0,2002,0,MIZORAM,0
0,0,0,ABORTIONS/CHILD BIRTH,0,0,2002,0,MIZORAM,0
1,0,0,INFLUENCE OF ALCOHOL,1,0,2002,0,MIZORAM,1
0,0,0,FOOD POISIONING/ACCIDENTAL INTAKE OF INSECTICIDES ETC.,0,0,2002,0,MIZORAM,0
0,0,0,SNAKE BITE/ANIMAL BITE,0,0,2002,0,MIZORAM,0
0,0,0,OTHER,0,0,2002,0,MIZORAM,0
0,0,0,RAILWAY ACCIDENTS,0,0,2002,0,MIZORAM,0
21,0,2,DROWNING,23,0,2002,0,MIZORAM,23
15,0,1,FALLS,16,0,2002,0,MIZORAM,16
0,0,3,FIRE,1,0,2002,0,MIZORAM,3
1,0,0,SUDDEN DEATHS,1,0,2002,0,MIZORAM,1
0,0,0,POISONING,0,0,2002,0,MIZORAM,0
2,0,0,ELECTROCUTION,2,0,2002,0,NAGALAND,2
0,0,0,GAS CYLINDER/STOVE BURST,0,0,2002,0,NAGALAND,0
5,0,0,FIRE-ARMS,5,0,2002,0,NAGALAND,5
0,0,0,SUDDEN DEATHS(HEART ATTACKS),0,0,2002,0,NAGALAND,0
0,0,0,EPILEPTIC FITS/GIDDINESS,0,0,2002,0,NAGALAND,0
0,0,0,ABORTIONS/CHILD BIRTH,0,0,2002,0,NAGALAND,0
0,0,0,INFLUENCE OF ALCOHOL,0,0,2002,0,NAGALAND,0
0,0,0,FOOD POISIONING/ACCIDENTAL INTAKE OF INSECTICIDES ETC.,0,0,2002,0,NAGALAND,0
0,0,0,SNAKE BITE/ANIMAL BITE,0,0,2002,0,NAGALAND,0
0,0,0,OTHER,0,0,2002,0,NAGALAND,0
5,0,1,RAILWAY ACCIDENTS,6,0,2002,0,NAGALAND,6
2,0,1,DROWNING,3,0,2002,0,NAGALAND,3
3,0,0,FALLS,3,0,2002,0,NAGALAND,3
0,0,0,FIRE,0,0,2002,0,NAGALAND,0
0,0,0,SUDDEN DEATHS,0,0,2002,0,NAGALAND,0
0,0,0,POISONING,0,0,2002,0,NAGALAND,0
133,0,25,ELECTROCUTION,155,0,2002,0,ODISHA,158
13,0,61,GAS CYLINDER/STOVE BURST,74,0,2002,0,ODISHA,74
6,0,1,FIRE-ARMS,6,0,2002,0,ODISHA,7
63,0,17,SUDDEN DEATHS(HEART ATTACKS),92,14,2002,14,ODISHA,80
32,0,9,EPILEPTIC FITS/GIDDINESS,41,0,2002,0,ODISHA,41
0,0,11,ABORTIONS/CHILD BIRTH,11,0,2002,0,ODISHA,11
30,0,7,INFLUENCE OF ALCOHOL,37,0,2002,0,ODISHA,37
116,2,77,FOOD POISIONING/ACCIDENTAL INTAKE OF INSECTICIDES ETC.,180,7,2002,9,ODISHA,193
294,1,121,SNAKE BITE/ANIMAL BITE,414,2,2002,3,ODISHA,415
258,0,106,OTHER,360,0,2002,0,ODISHA,364
287,0,57,RAILWAY ACCIDENTS,341,0,2002,0,ODISHA,344
274,6,109,DROWNING,400,15,2002,21,ODISHA,383
231,10,65,FALLS,327,22,2002,32,ODISHA,296
122,3,157,FIRE,273,2,2002,5,ODISHA,279
125,0,44,SUDDEN DEATHS,181,14,2002,14,ODISHA,169
673,3,306,POISONING,961,9,2002,12,ODISHA,979
142,0,10,ELECTROCUTION,152,0,2002,0,PUNJAB,152
34,4,131,GAS CYLINDER/STOVE BURST,169,0,2002,4,PUNJAB,165
232,0,29,FIRE-ARMS,261,0,2002,0,PUNJAB,261
38,0,6,SUDDEN DEATHS(HEART ATTACKS),44,0,2002,0,PUNJAB,44
0,0,3,EPILEPTIC FITS/GIDDINESS,3,0,2002,0,PUNJAB,3
0,0,101,ABORTIONS/CHILD BIRTH,101,0,2002,0,PUNJAB,101
6,0,0,INFLUENCE OF ALCOHOL,6,0,2002,0,PUNJAB,6
111,0,30,FOOD POISIONING/ACCIDENTAL INTAKE OF INSECTICIDES ETC.,141,0,2002,0,PUNJAB,141
19,0,4,SNAKE BITE/ANIMAL BITE,23,0,2002,0,PUNJAB,23
205,0,66,OTHER,271,0,2002,0,PUNJAB,271
340,0,31,RAILWAY ACCIDENTS,371,0,2002,0,PUNJAB,371
262,0,36,DROWNING,298,0,2002,0,PUNJAB,298
75,0,7,FALLS,82,0,2002,0,PUNJAB,82
117,4,145,FIRE,266,0,2002,4,PUNJAB,262
44,0,110,SUDDEN DEATHS,154,0,2002,0,PUNJAB,154
484,1,140,POISONING,627,2,2002,3,PUNJAB,624
321,0,44,ELECTROCUTION,354,1,2002,1,RAJASTHAN,365
31,2,92,GAS CYLINDER/STOVE BURST,124,1,2002,3,RAJASTHAN,123
10,0,0,FIRE-ARMS,10,0,2002,0,RAJASTHAN,10
306,0,49,SUDDEN DEATHS(HEART ATTACKS),355,0,2002,0,RAJASTHAN,355
164,0,33,EPILEPTIC FITS/GIDDINESS,197,0,2002,0,RAJASTHAN,197
0,0,24,ABORTIONS/CHILD BIRTH,24,0,2002,0,RAJASTHAN,24
198,0,1,INFLUENCE OF ALCOHOL,198,0,2002,0,RAJASTHAN,199
550,0,324,FOOD POISIONING/ACCIDENTAL INTAKE OF INSECTICIDES ETC.,871,2,2002,2,RAJASTHAN,874
67,0,42,SNAKE BITE/ANIMAL BITE,108,2,2002,2,RAJASTHAN,109
126,0,47,OTHER,172,0,2002,0,RAJASTHAN,173
198,0,36,RAILWAY ACCIDENTS,232,0,2002,0,RAJASTHAN,234
773,0,368,DROWNING,1096,0,2002,0,RAJASTHAN,1141
475,0,127,FALLS,599,0,2002,0,RAJASTHAN,602
360,2,436,FIRE,774,1,2002,3,RAJASTHAN,796
668,0,107,SUDDEN DEATHS,774,0,2002,0,RAJASTHAN,775
743,0,413,POISONING,1151,4,2002,4,RAJASTHAN,1156
0,0,0,ELECTROCUTION,0,0,2002,0,SIKKIM,0
1,2,2,GAS CYLINDER/STOVE BURST,3,0,2002,2,SIKKIM,3
3,1,0,FIRE-ARMS,5,1,2002,2,SIKKIM,3
2,0,0,SUDDEN DEATHS(HEART ATTACKS),2,0,2002,0,SIKKIM,2
1,0,0,EPILEPTIC FITS/GIDDINESS,1,0,2002,0,SIKKIM,1
0,0,0,ABORTIONS/CHILD BIRTH,0,0,2002,0,SIKKIM,0
8,0,0,INFLUENCE OF ALCOHOL,8,0,2002,0,SIKKIM,8
3,0,0,FOOD POISIONING/ACCIDENTAL INTAKE OF INSECTICIDES ETC.,12,0,2002,0,SIKKIM,3
1,0,0,SNAKE BITE/ANIMAL BITE,1,0,2002,0,SIKKIM,1
1,0,0,OTHER,1,0,2002,0,SIKKIM,1
0,0,0,RAILWAY ACCIDENTS,0,0,2002,0,SIKKIM,0
12,1,1,DROWNING,13,3,2002,4,SIKKIM,13
18,1,2,FALLS,20,4,2002,5,SIKKIM,20
1,3,3,FIRE,4,1,2002,4,SIKKIM,4
11,0,0,SUDDEN DEATHS,11,0,2002,0,SIKKIM,11
6,0,0,POISONING,15,1,2002,1,SIKKIM,6
276,2,32,ELECTROCUTION,317,12,2002,14,TAMIL NADU,308
151,4,596,GAS CYLINDER/STOVE BURST,745,25,2002,29,TAMIL NADU,747
10,0,1,FIRE-ARMS,11,5,2002,5,TAMIL NADU,11
459,0,99,SUDDEN DEATHS(HEART ATTACKS),542,8,2002,8,TAMIL NADU,558
145,9,51,EPILEPTIC FITS/GIDDINESS,195,3,2002,12,TAMIL NADU,196
0,0,16,ABORTIONS/CHILD BIRTH,16,0,2002,0,TAMIL NADU,16
111,0,3,INFLUENCE OF ALCOHOL,115,1,2002,1,TAMIL NADU,114
96,1,69,FOOD POISIONING/ACCIDENTAL INTAKE OF INSECTICIDES ETC.,140,2,2002,3,TAMIL NADU,165
252,0,100,SNAKE BITE/ANIMAL BITE,353,1,2002,1,TAMIL NADU,352
944,0,486,OTHER,1355,4,2002,4,TAMIL NADU,1430
0,0,0,RAILWAY ACCIDENTS,0,0,2002,0,TAMIL NADU,0
578,1,208,DROWNING,738,5,2002,6,TAMIL NADU,786
371,3,62,FALLS,431,28,2002,31,TAMIL NADU,433
623,58,1462,FIRE,2026,50,2002,108,TAMIL NADU,2085
715,9,169,SUDDEN DEATHS,868,12,2002,21,TAMIL NADU,884
1313,1,679,POISONING,1899,7,2002,8,TAMIL NADU,1992
14,0,6,ELECTROCUTION,20,0,2002,0,TRIPURA,20
0,0,0,GAS CYLINDER/STOVE BURST,0,0,2002,0,TRIPURA,0
0,0,0,FIRE-ARMS,0,0,2002,0,TRIPURA,0
9,0,1,SUDDEN DEATHS(HEART ATTACKS),10,0,2002,0,TRIPURA,10
0,0,0,EPILEPTIC FITS/GIDDINESS,0,0,2002,0,TRIPURA,0
0,0,0,ABORTIONS/CHILD BIRTH,0,0,2002,0,TRIPURA,0
1,0,0,INFLUENCE OF ALCOHOL,1,0,2002,0,TRIPURA,1
0,0,0,FOOD POISIONING/ACCIDENTAL INTAKE OF INSECTICIDES ETC.,0,0,2002,0,TRIPURA,0
1,0,0,SNAKE BITE/ANIMAL BITE,1,0,2002,0,TRIPURA,1
9,0,11,OTHER,20,0,2002,0,TRIPURA,20
1,0,0,RAILWAY ACCIDENTS,1,0,2002,0,TRIPURA,1
21,0,16,DROWNING,37,0,2002,0,TRIPURA,37
1,0,0,FALLS,1,0,2002,0,TRIPURA,1
2,0,2,FIRE,4,0,2002,0,TRIPURA,4
10,0,1,SUDDEN DEATHS,11,0,2002,0,TRIPURA,11
10,0,11,POISONING,21,0,2002,0,TRIPURA,21
222,18,44,ELECTROCUTION,275,54,2002,72,UTTAR PRADESH,266
18,19,80,GAS CYLINDER/STOVE BURST,96,2,2002,21,UTTAR PRADESH,98
1415,97,164,FIRE-ARMS,2017,958,2002,1055,UTTAR PRADESH,1579
161,2,22,SUDDEN DEATHS(HEART ATTACKS),180,0,2002,2,UTTAR PRADESH,183
46,5,9,EPILEPTIC FITS/GIDDINESS,56,3,2002,8,UTTAR PRADESH,55
0,0,41,ABORTIONS/CHILD BIRTH,45,0,2002,0,UTTAR PRADESH,41
126,2,3,INFLUENCE OF ALCOHOL,117,13,2002,15,UTTAR PRADESH,129
522,13,298,FOOD POISIONING/ACCIDENTAL INTAKE OF INSECTICIDES ETC.,708,32,2002,45,UTTAR PRADESH,820
32,0,17,SNAKE BITE/ANIMAL BITE,42,0,2002,0,UTTAR PRADESH,49
136,18,65,OTHER,217,36,2002,54,UTTAR PRADESH,201
1560,18,295,RAILWAY ACCIDENTS,1474,13,2002,31,UTTAR PRADESH,1855
359,25,116,DROWNING,457,34,2002,59,UTTAR PRADESH,475
189,4,47,FALLS,221,34,2002,38,UTTAR PRADESH,236
299,66,553,FIRE,771,93,2002,159,UTTAR PRADESH,852
333,9,75,SUDDEN DEATHS,398,16,2002,25,UTTAR PRADESH,408
747,33,390,POISONING,1028,72,2002,105,UTTAR PRADESH,1137
18,0,3,ELECTROCUTION,18,0,2002,0,UTTARAKHAND,21
1,0,14,GAS CYLINDER/STOVE BURST,14,0,2002,0,UTTARAKHAND,15
33,1,2,FIRE-ARMS,48,16,2002,17,UTTARAKHAND,35
38,0,4,SUDDEN DEATHS(HEART ATTACKS),42,0,2002,0,UTTARAKHAND,42
2,0,0,EPILEPTIC FITS/GIDDINESS,3,1,2002,1,UTTARAKHAND,2
0,0,5,ABORTIONS/CHILD BIRTH,5,0,2002,0,UTTARAKHAND,5
20,0,0,INFLUENCE OF ALCOHOL,15,0,2002,0,UTTARAKHAND,20
66,0,61,FOOD POISIONING/ACCIDENTAL INTAKE OF INSECTICIDES ETC.,128,1,2002,1,UTTARAKHAND,127
0,0,0,SNAKE BITE/ANIMAL BITE,0,0,2002,0,UTTARAKHAND,0
12,0,4,OTHER,16,0,2002,0,UTTARAKHAND,16
46,4,5,RAILWAY ACCIDENTS,51,10,2002,14,UTTARAKHAND,51
44,0,11,DROWNING,50,0,2002,0,UTTARAKHAND,55
40,0,9,FALLS,47,1,2002,1,UTTARAKHAND,49
12,0,37,FIRE,48,0,2002,0,UTTARAKHAND,49
60,0,9,SUDDEN DEATHS,65,1,2002,1,UTTARAKHAND,69
78,0,65,POISONING,144,1,2002,1,UTTARAKHAND,143
86,2,23,ELECTROCUTION,109,4,2002,6,WEST BENGAL,109
9,39,54,GAS CYLINDER/STOVE BURST,96,12,2002,51,WEST BENGAL,63
21,0,0,FIRE-ARMS,27,7,2002,7,WEST BENGAL,21
261,30,85,SUDDEN DEATHS(HEART ATTACKS),419,45,2002,75,WEST BENGAL,346
29,10,19,EPILEPTIC FITS/GIDDINESS,68,14,2002,24,WEST BENGAL,48
0,8,16,ABORTIONS/CHILD BIRTH,24,0,2002,8,WEST BENGAL,16
56,14,7,INFLUENCE OF ALCOHOL,88,24,2002,38,WEST BENGAL,63
121,28,112,FOOD POISIONING/ACCIDENTAL INTAKE OF INSECTICIDES ETC.,257,33,2002,61,WEST BENGAL,233
97,4,61,SNAKE BITE/ANIMAL BITE,167,7,2002,11,WEST BENGAL,158
606,38,529,OTHER,1171,82,2002,120,WEST BENGAL,1135
1919,28,584,RAILWAY ACCIDENTS,2535,31,2002,59,WEST BENGAL,2503
344,9,144,DROWNING,468,34,2002,43,WEST BENGAL,488
108,8,37,FALLS,156,23,2002,31,WEST BENGAL,145
317,125,734,FIRE,1202,109,2002,234,WEST BENGAL,1051
346,62,127,SUDDEN DEATHS,599,83,2002,145,WEST BENGAL,473
824,70,702,POISONING,1595,122,2002,192,WEST BENGAL,1526
6,0,1,ELECTROCUTION,6,0,2002,0,A & N ISLANDS,7
0,0,0,GAS CYLINDER/STOVE BURST,0,0,2002,0,A & N ISLANDS,0
0,0,0,FIRE-ARMS,0,0,2002,0,A & N ISLANDS,0
17,0,1,SUDDEN DEATHS(HEART ATTACKS),18,0,2002,0,A & N ISLANDS,18
0,0,0,EPILEPTIC FITS/GIDDINESS,0,0,2002,0,A & N ISLANDS,0
0,0,1,ABORTIONS/CHILD BIRTH,1,0,2002,0,A & N ISLANDS,1
15,0,0,INFLUENCE OF ALCOHOL,15,0,2002,0,A & N ISLANDS,15
0,0,0,FOOD POISIONING/ACCIDENTAL INTAKE OF INSECTICIDES ETC.,0,0,2002,0,A & N ISLANDS,0
0,0,0,SNAKE BITE/ANIMAL BITE,0,0,2002,0,A & N ISLANDS,0
0,0,0,OTHER,0,0,2002,0,A & N ISLANDS,0
0,0,0,RAILWAY ACCIDENTS,0,0,2002,0,A & N ISLANDS,0
23,0,5,DROWNING,26,0,2002,0,A & N ISLANDS,28
12,0,1,FALLS,12,0,2002,0,A & N ISLANDS,13
3,0,18,FIRE,21,0,2002,0,A & N ISLANDS,21
32,0,2,SUDDEN DEATHS,34,0,2002,0,A & N ISLANDS,34
0,0,0,POISONING,0,0,2002,0,A & N ISLANDS,0
7,0,5,ELECTROCUTION,12,0,2002,0,CHANDIGARH,12
6,0,13,GAS CYLINDER/STOVE BURST,19,0,2002,0,CHANDIGARH,19
0,0,0,FIRE-ARMS,0,0,2002,0,CHANDIGARH,0
46,0,6,SUDDEN DEATHS(HEART ATTACKS),52,0,2002,0,CHANDIGARH,52
2,0,1,EPILEPTIC FITS/GIDDINESS,3,0,2002,0,CHANDIGARH,3
0,0,2,ABORTIONS/CHILD BIRTH,2,0,2002,0,CHANDIGARH,2
17,0,0,INFLUENCE OF ALCOHOL,17,0,2002,0,CHANDIGARH,17
0,0,0,FOOD POISIONING/ACCIDENTAL INTAKE OF INSECTICIDES ETC.,0,0,2002,0,CHANDIGARH,0
0,0,0,SNAKE BITE/ANIMAL BITE,0,0,2002,0,CHANDIGARH,0
5,0,1,OTHER,6,0,2002,0,CHANDIGARH,6
0,0,0,RAILWAY ACCIDENTS,0,0,2002,0,CHANDIGARH,0
4,0,1,DROWNING,3,0,2002,0,CHANDIGARH,5
21,0,2,FALLS,23,0,2002,0,CHANDIGARH,23
6,0,13,FIRE,19,0,2002,0,CHANDIGARH,19
65,0,9,SUDDEN DEATHS,74,0,2002,0,CHANDIGARH,74
5,0,1,POISONING,6,0,2002,0,CHANDIGARH,6
4,0,1,ELECTROCUTION,5,0,2002,0,D & N HAVELI,5
0,0,0,GAS CYLINDER/STOVE BURST,0,0,2002,0,D & N HAVELI,0
0,0,0,FIRE-ARMS,0,0,2002,0,D & N HAVELI,0
5,0,1,SUDDEN DEATHS(HEART ATTACKS),6,0,2002,0,D & N HAVELI,6
0,0,0,EPILEPTIC FITS/GIDDINESS,0,0,2002,0,D & N HAVELI,0
0,0,1,ABORTIONS/CHILD BIRTH,1,0,2002,0,D & N HAVELI,1
1,0,0,INFLUENCE OF ALCOHOL,1,0,2002,0,D & N HAVELI,1
0,0,0,FOOD POISIONING/ACCIDENTAL INTAKE OF INSECTICIDES ETC.,0,0,2002,0,D & N HAVELI,0
2,0,1,SNAKE BITE/ANIMAL BITE,3,0,2002,0,D & N HAVELI,3
0,0,0,OTHER,0,0,2002,0,D & N HAVELI,0
0,0,0,RAILWAY ACCIDENTS,0,0,2002,0,D & N HAVELI,0
7,0,3,DROWNING,10,0,2002,0,D & N HAVELI,10
8,0,0,FALLS,8,0,2002,0,D & N HAVELI,8
3,0,6,FIRE,9,0,2002,0,D & N HAVELI,9
6,0,2,SUDDEN DEATHS,8,0,2002,0,D & N HAVELI,8
2,0,1,POISONING,3,0,2002,0,D & N HAVELI,3
4,0,0,ELECTROCUTION,4,0,2002,0,DAMAN & DIU,4
0,0,0,GAS CYLINDER/STOVE BURST,0,0,2002,0,DAMAN & DIU,0
0,0,0,FIRE-ARMS,0,0,2002,0,DAMAN & DIU,0
5,0,0,SUDDEN DEATHS(HEART ATTACKS),5,0,2002,0,DAMAN & DIU,5
2,0,0,EPILEPTIC FITS/GIDDINESS,2,0,2002,0,DAMAN & DIU,2
0,0,0,ABORTIONS/CHILD BIRTH,0,0,2002,0,DAMAN & DIU,0
1,0,0,INFLUENCE OF ALCOHOL,1,0,2002,0,DAMAN & DIU,1
0,0,0,FOOD POISIONING/ACCIDENTAL INTAKE OF INSECTICIDES ETC.,0,0,2002,0,DAMAN & DIU,0
0,0,0,SNAKE BITE/ANIMAL BITE,0,0,2002,0,DAMAN & DIU,0
0,0,0,OTHER,0,0,2002,0,DAMAN & DIU,0
0,0,0,RAILWAY ACCIDENTS,0,0,2002,0,DAMAN & DIU,0
14,0,0,DROWNING,13,0,2002,0,DAMAN & DIU,14
8,0,0,FALLS,8,0,2002,0,DAMAN & DIU,8
1,0,6,FIRE,7,0,2002,0,DAMAN & DIU,7
8,0,0,SUDDEN DEATHS,8,0,2002,0,DAMAN & DIU,8
0,0,0,POISONING,0,0,2002,0,DAMAN & DIU,0
112,1,29,ELECTROCUTION,135,9,2002,10,DELHI(UT),141
41,6,109,GAS CYLINDER/STOVE BURST,144,7,2002,13,DELHI(UT),150
24,2,13,FIRE-ARMS,55,16,2002,18,DELHI(UT),37
188,1,18,SUDDEN DEATHS(HEART ATTACKS),207,0,2002,1,DELHI(UT),206
22,1,3,EPILEPTIC FITS/GIDDINESS,27,1,2002,2,DELHI(UT),25
0,1,22,ABORTIONS/CHILD BIRTH,23,0,2002,1,DELHI(UT),22
98,0,0,INFLUENCE OF ALCOHOL,98,1,2002,1,DELHI(UT),98
76,1,31,FOOD POISIONING/ACCIDENTAL INTAKE OF INSECTICIDES ETC.,111,3,2002,4,DELHI(UT),107
8,0,0,SNAKE BITE/ANIMAL BITE,9,1,2002,1,DELHI(UT),8
42,0,19,OTHER,65,6,2002,6,DELHI(UT),61
721,0,82,RAILWAY ACCIDENTS,818,15,2002,15,DELHI(UT),803
131,0,14,DROWNING,144,0,2002,0,DELHI(UT),145
220,1,43,FALLS,249,18,2002,19,DELHI(UT),263
178,21,356,FIRE,505,24,2002,45,DELHI(UT),534
308,3,43,SUDDEN DEATHS,355,2,2002,5,DELHI(UT),351
144,1,50,POISONING,221,28,2002,29,DELHI(UT),194
0,0,0,ELECTROCUTION,0,0,2002,0,LAKSHADWEEP,0
0,0,0,GAS CYLINDER/STOVE BURST,0,0,2002,0,LAKSHADWEEP,0
0,0,0,FIRE-ARMS,0,0,2002,0,LAKSHADWEEP,0
0,0,0,SUDDEN DEATHS(HEART ATTACKS),0,0,2002,0,LAKSHADWEEP,0
0,0,0,EPILEPTIC FITS/GIDDINESS,0,0,2002,0,LAKSHADWEEP,0
0,0,0,ABORTIONS/CHILD BIRTH,0,0,2002,0,LAKSHADWEEP,0
0,0,0,INFLUENCE OF ALCOHOL,0,0,2002,0,LAKSHADWEEP,0
0,0,0,FOOD POISIONING/ACCIDENTAL INTAKE OF INSECTICIDES ETC.,0,0,2002,0,LAKSHADWEEP,0
0,0,0,SNAKE BITE/ANIMAL BITE,0,0,2002,0,LAKSHADWEEP,0
0,0,0,OTHER,0,0,2002,0,LAKSHADWEEP,0
0,0,0,RAILWAY ACCIDENTS,0,0,2002,0,LAKSHADWEEP,0
2,0,0,DROWNING,2,0,2002,0,LAKSHADWEEP,2
0,0,0,FALLS,0,0,2002,0,LAKSHADWEEP,0
0,0,1,FIRE,1,0,2002,0,LAKSHADWEEP,1
0,0,0,SUDDEN DEATHS,0,0,2002,0,LAKSHADWEEP,0
0,0,0,POISONING,0,0,2002,0,LAKSHADWEEP,0
14,0,3,ELECTROCUTION,17,0,2002,0,PUDUCHERRY,17
1,0,0,GAS CYLINDER/STOVE BURST,1,0,2002,0,PUDUCHERRY,1
0,0,0,FIRE-ARMS,0,0,2002,0,PUDUCHERRY,0
58,0,6,SUDDEN DEATHS(HEART ATTACKS),64,0,2002,0,PUDUCHERRY,64
41,0,8,EPILEPTIC FITS/GIDDINESS,49,0,2002,0,PUDUCHERRY,49
0,0,1,ABORTIONS/CHILD BIRTH,1,0,2002,0,PUDUCHERRY,1
100,0,0,INFLUENCE OF ALCOHOL,100,0,2002,0,PUDUCHERRY,100
1,0,8,FOOD POISIONING/ACCIDENTAL INTAKE OF INSECTICIDES ETC.,9,0,2002,0,PUDUCHERRY,9
13,0,5,SNAKE BITE/ANIMAL BITE,18,0,2002,0,PUDUCHERRY,18
1,0,1,OTHER,2,0,2002,0,PUDUCHERRY,2
0,0,1,RAILWAY ACCIDENTS,1,0,2002,0,PUDUCHERRY,1
64,0,15,DROWNING,79,0,2002,0,PUDUCHERRY,79
35,0,6,FALLS,41,0,2002,0,PUDUCHERRY,41
5,0,33,FIRE,37,0,2002,0,PUDUCHERRY,38
199,0,15,SUDDEN DEATHS,214,0,2002,0,PUDUCHERRY,214
15,0,14,POISONING,29,0,2002,0,PUDUCHERRY,29
