CASES,FEMALE KILLED,STATE/UT,TOTAL INJURED,YEAR,CAUSE,MALE INJURED,TOTAL KILLED,MALE KILLED,FEMALE INJURED
875,104,ANDHRA PRADESH,13,2003,ELECTROCUTION,13,849,745,0
846,653,ANDHRA PRADESH,97,2003,GAS CYLINDER/STOVE BURST,24,818,165,73
4,0,ANDHRA PRADESH,0,2003,FIRE-ARMS,0,4,4,0
383,88,ANDHRA PRADESH,0,2003,SUDDEN DEATHS(HEART ATTACKS),0,383,295,0
94,28,ANDHRA PRADESH,1,2003,EPILEPTIC FITS/GIDDINESS,1,94,66,0
13,13,ANDHRA PRADESH,0,2003,ABORTIONS/CHILD BIRTH,0,13,0,0
337,16,ANDHRA PRADESH,5,2003,INFLUENCE OF ALCOHOL,5,337,321,0
344,102,ANDHRA PRADESH,15,2003,FOOD POISIONING/ACCIDENTAL INTAKE OF INSECTICIDES ETC.,7,348,246,8
711,183,ANDHRA PRADESH,7,2003,SNAKE BITE/ANIMAL BITE,5,725,542,2
1160,339,ANDHRA PRADESH,1,2003,OTHER,0,1267,928,1
490,72,ANDHRA PRADESH,1,2003,OTHER RAILWAY ACCIDENTS,1,489,417,0
1588,399,ANDHRA PRADESH,22,2003,TOTAL DROWNING,16,1671,1272,6
1094,174,ANDHRA PRADESH,15,2003,TOTAL FALLS,13,1105,931,2
1956,1265,ANDHRA PRADESH,132,2003,TOTAL FIRE,40,1956,691,92
827,145,ANDHRA PRADESH,6,2003,TOTAL SUDDEN DEATHS,6,827,682,0
2339,662,ANDHRA PRADESH,25,2003,TOTAL POISONING,14,2465,1803,11
4,0,ARUNACHAL PRADESH,0,2003,ELECTROCUTION,0,4,4,0
0,0,ARUNACHAL PRADESH,0,2003,GAS CYLINDER/STOVE BURST,0,0,0,0
0,0,ARUNACHAL PRADESH,0,2003,FIRE-ARMS,0,0,0,0
7,0,ARUNACHAL PRADESH,0,2003,SUDDEN DEATHS(HEART ATTACKS),0,7,7,0
1,0,ARUNACHAL PRADESH,0,2003,EPILEPTIC FITS/GIDDINESS,0,1,1,0
0,0,ARUNACHAL PRADESH,0,2003,ABORTIONS/CHILD BIRTH,0,0,0,0
6,2,ARUNACHAL PRADESH,0,2003,INFLUENCE OF ALCOHOL,0,6,4,0
3,3,ARUNACHAL PRADESH,0,2003,FOOD POISIONING/ACCIDENTAL INTAKE OF INSECTICIDES ETC.,0,3,0,0
0,0,ARUNACHAL PRADESH,0,2003,SNAKE BITE/ANIMAL BITE,0,0,0,0
18,6,ARUNACHAL PRADESH,0,2003,OTHER,0,19,13,0
0,0,ARUNACHAL PRADESH,0,2003,OTHER RAILWAY ACCIDENTS,0,0,0,0
19,6,ARUNACHAL PRADESH,0,2003,TOTAL DROWNING,0,19,13,0
16,0,ARUNACHAL PRADESH,0,2003,TOTAL FALLS,0,17,17,0
8,4,ARUNACHAL PRADESH,0,2003,TOTAL FIRE,0,10,6,0
14,2,ARUNACHAL PRADESH,0,2003,TOTAL SUDDEN DEATHS,0,14,12,0
21,9,ARUNACHAL PRADESH,0,2003,TOTAL POISONING,0,22,13,0
49,6,ASSAM,1,2003,ELECTROCUTION,1,48,42,0
6,5,ASSAM,0,2003,GAS CYLINDER/STOVE BURST,0,6,1,0
24,3,ASSAM,0,2003,FIRE-ARMS,0,26,23,0
62,11,ASSAM,0,2003,SUDDEN DEATHS(HEART ATTACKS),0,66,55,0
3,1,ASSAM,0,2003,EPILEPTIC FITS/GIDDINESS,0,3,2,0
9,9,ASSAM,0,2003,ABORTIONS/CHILD BIRTH,0,9,0,0
3,0,ASSAM,0,2003,INFLUENCE OF ALCOHOL,0,3,3,0
85,34,ASSAM,10,2003,FOOD POISIONING/ACCIDENTAL INTAKE OF INSECTICIDES ETC.,7,76,42,3
2,0,ASSAM,0,2003,SNAKE BITE/ANIMAL BITE,0,2,2,0
88,31,ASSAM,0,2003,OTHER,0,88,57,0
345,56,ASSAM,0,2003,OTHER RAILWAY ACCIDENTS,0,345,289,0
197,49,ASSAM,0,2003,TOTAL DROWNING,0,205,156,0
17,1,ASSAM,0,2003,TOTAL FALLS,0,18,17,0
120,59,ASSAM,16,2003,TOTAL FIRE,12,120,61,4
77,21,ASSAM,0,2003,TOTAL SUDDEN DEATHS,0,81,60,0
189,70,ASSAM,10,2003,TOTAL POISONING,7,180,110,3
107,25,BIHAR,25,2003,ELECTROCUTION,19,109,84,6
62,56,BIHAR,3,2003,GAS CYLINDER/STOVE BURST,0,75,19,3
28,15,BIHAR,0,2003,FIRE-ARMS,0,29,14,0
50,8,BIHAR,0,2003,SUDDEN DEATHS(HEART ATTACKS),0,52,44,0
6,2,BIHAR,1,2003,EPILEPTIC FITS/GIDDINESS,1,6,4,0
2,2,BIHAR,0,2003,ABORTIONS/CHILD BIRTH,0,2,0,0
44,0,BIHAR,1,2003,INFLUENCE OF ALCOHOL,1,43,43,0
209,100,BIHAR,17,2003,FOOD POISIONING/ACCIDENTAL INTAKE OF INSECTICIDES ETC.,12,225,125,5
37,13,BIHAR,2,2003,SNAKE BITE/ANIMAL BITE,2,38,25,0
119,40,BIHAR,1,2003,OTHER,0,119,79,1
803,148,BIHAR,27,2003,OTHER RAILWAY ACCIDENTS,21,804,656,6
236,90,BIHAR,19,2003,TOTAL DROWNING,17,320,230,2
54,13,BIHAR,7,2003,TOTAL FALLS,5,58,45,2
368,285,BIHAR,18,2003,TOTAL FIRE,6,413,128,12
102,12,BIHAR,2,2003,TOTAL SUDDEN DEATHS,2,103,91,0
436,176,BIHAR,28,2003,TOTAL POISONING,22,461,285,6
413,63,CHHATTISGARH,1,2003,ELECTROCUTION,1,413,350,0
18,18,CHHATTISGARH,0,2003,GAS CYLINDER/STOVE BURST,0,19,1,0
17,1,CHHATTISGARH,0,2003,FIRE-ARMS,0,17,16,0
179,32,CHHATTISGARH,0,2003,SUDDEN DEATHS(HEART ATTACKS),0,180,148,0
69,18,CHHATTISGARH,0,2003,EPILEPTIC FITS/GIDDINESS,0,70,52,0
32,32,CHHATTISGARH,0,2003,ABORTIONS/CHILD BIRTH,0,32,0,0
157,22,CHHATTISGARH,0,2003,INFLUENCE OF ALCOHOL,0,157,135,0
565,196,CHHATTISGARH,3,2003,FOOD POISIONING/ACCIDENTAL INTAKE OF INSECTICIDES ETC.,3,563,367,0
645,283,CHHATTISGARH,1,2003,SNAKE BITE/ANIMAL BITE,1,644,361,0
261,88,CHHATTISGARH,0,2003,OTHER,0,273,185,0
386,74,CHHATTISGARH,2,2003,OTHER RAILWAY ACCIDENTS,1,386,312,1
1187,416,CHHATTISGARH,0,2003,TOTAL DROWNING,0,1194,778,0
292,55,CHHATTISGARH,0,2003,TOTAL FALLS,0,320,265,0
621,432,CHHATTISGARH,4,2003,TOTAL FIRE,4,621,189,0
437,104,CHHATTISGARH,0,2003,TOTAL SUDDEN DEATHS,0,439,335,0
1486,568,CHHATTISGARH,4,2003,TOTAL POISONING,4,1495,927,0
13,1,GOA,0,2003,ELECTROCUTION,0,13,12,0
13,12,GOA,0,2003,GAS CYLINDER/STOVE BURST,0,13,1,0
0,0,GOA,0,2003,FIRE-ARMS,0,0,0,0
21,2,GOA,0,2003,SUDDEN DEATHS(HEART ATTACKS),0,21,19,0
1,0,GOA,0,2003,EPILEPTIC FITS/GIDDINESS,0,1,1,0
0,0,GOA,0,2003,ABORTIONS/CHILD BIRTH,0,0,0,0
17,0,GOA,0,2003,INFLUENCE OF ALCOHOL,0,17,17,0
4,1,GOA,0,2003,FOOD POISIONING/ACCIDENTAL INTAKE OF INSECTICIDES ETC.,0,4,3,0
1,0,GOA,0,2003,SNAKE BITE/ANIMAL BITE,0,1,1,0
3,2,GOA,0,2003,OTHER,0,3,1,0
13,2,GOA,0,2003,OTHER RAILWAY ACCIDENTS,0,13,11,0
173,19,GOA,0,2003,TOTAL DROWNING,0,191,172,0
87,5,GOA,0,2003,TOTAL FALLS,0,87,82,0
59,43,GOA,0,2003,TOTAL FIRE,0,61,18,0
39,2,GOA,0,2003,TOTAL SUDDEN DEATHS,0,39,37,0
8,3,GOA,0,2003,TOTAL POISONING,0,8,5,0
433,85,GUJARAT,9,2003,ELECTROCUTION,5,433,348,4
539,399,GUJARAT,10,2003,GAS CYLINDER/STOVE BURST,2,544,145,8
7,1,GUJARAT,0,2003,FIRE-ARMS,0,7,6,0
1003,114,GUJARAT,0,2003,SUDDEN DEATHS(HEART ATTACKS),0,1003,889,0
440,74,GUJARAT,0,2003,EPILEPTIC FITS/GIDDINESS,0,440,366,0
18,18,GUJARAT,0,2003,ABORTIONS/CHILD BIRTH,0,18,0,0
30,1,GUJARAT,0,2003,INFLUENCE OF ALCOHOL,0,30,29,0
294,96,GUJARAT,4,2003,FOOD POISIONING/ACCIDENTAL INTAKE OF INSECTICIDES ETC.,3,290,194,1
497,142,GUJARAT,66,2003,SNAKE BITE/ANIMAL BITE,38,431,289,28
276,82,GUJARAT,0,2003,OTHER,0,276,194,0
1234,171,GUJARAT,1,2003,OTHER RAILWAY ACCIDENTS,1,1238,1067,0
1294,234,GUJARAT,0,2003,TOTAL DROWNING,0,1354,1120,0
826,114,GUJARAT,17,2003,TOTAL FALLS,11,815,701,6
2431,1703,GUJARAT,113,2003,TOTAL FIRE,26,2359,656,87
1491,207,GUJARAT,0,2003,TOTAL SUDDEN DEATHS,0,1491,1284,0
1111,336,GUJARAT,70,2003,TOTAL POISONING,41,1041,705,29
179,20,HARYANA,0,2003,ELECTROCUTION,0,180,160,0
116,86,HARYANA,0,2003,GAS CYLINDER/STOVE BURST,0,116,30,0
40,14,HARYANA,2,2003,FIRE-ARMS,2,40,26,0
248,22,HARYANA,0,2003,SUDDEN DEATHS(HEART ATTACKS),0,249,227,0
33,3,HARYANA,0,2003,EPILEPTIC FITS/GIDDINESS,0,33,30,0
8,8,HARYANA,0,2003,ABORTIONS/CHILD BIRTH,0,8,0,0
133,2,HARYANA,0,2003,INFLUENCE OF ALCOHOL,0,133,131,0
275,63,HARYANA,45,2003,FOOD POISIONING/ACCIDENTAL INTAKE OF INSECTICIDES ETC.,25,230,167,20
10,2,HARYANA,0,2003,SNAKE BITE/ANIMAL BITE,0,10,8,0
322,100,HARYANA,0,2003,OTHER,0,332,232,0
0,0,HARYANA,0,2003,OTHER RAILWAY ACCIDENTS,0,0,0,0
317,58,HARYANA,0,2003,TOTAL DROWNING,0,318,260,0
136,19,HARYANA,0,2003,TOTAL FALLS,0,136,117,0
349,184,HARYANA,8,2003,TOTAL FIRE,0,345,161,8
422,35,HARYANA,0,2003,TOTAL SUDDEN DEATHS,0,423,388,0
620,165,HARYANA,45,2003,TOTAL POISONING,25,585,420,20
8,0,HIMACHAL PRADESH,0,2003,ELECTROCUTION,0,8,8,0
5,2,HIMACHAL PRADESH,0,2003,GAS CYLINDER/STOVE BURST,0,6,4,0
3,1,HIMACHAL PRADESH,0,2003,FIRE-ARMS,0,3,2,0
104,6,HIMACHAL PRADESH,0,2003,SUDDEN DEATHS(HEART ATTACKS),0,104,98,0
21,4,HIMACHAL PRADESH,0,2003,EPILEPTIC FITS/GIDDINESS,0,21,17,0
2,2,HIMACHAL PRADESH,0,2003,ABORTIONS/CHILD BIRTH,0,2,0,0
45,1,HIMACHAL PRADESH,0,2003,INFLUENCE OF ALCOHOL,0,45,44,0
49,17,HIMACHAL PRADESH,0,2003,FOOD POISIONING/ACCIDENTAL INTAKE OF INSECTICIDES ETC.,0,49,32,0
8,1,HIMACHAL PRADESH,0,2003,SNAKE BITE/ANIMAL BITE,0,8,7,0
54,9,HIMACHAL PRADESH,0,2003,OTHER,0,54,45,0
16,0,HIMACHAL PRADESH,0,2003,OTHER RAILWAY ACCIDENTS,0,16,16,0
104,10,HIMACHAL PRADESH,0,2003,TOTAL DROWNING,0,115,105,0
142,6,HIMACHAL PRADESH,0,2003,TOTAL FALLS,0,142,136,0
34,13,HIMACHAL PRADESH,0,2003,TOTAL FIRE,0,35,22,0
172,13,HIMACHAL PRADESH,0,2003,TOTAL SUDDEN DEATHS,0,172,159,0
119,28,HIMACHAL PRADESH,0,2003,TOTAL POISONING,0,119,91,0
20,4,JAMMU & KASHMIR,2,2003,ELECTROCUTION,2,20,16,0
14,9,JAMMU & KASHMIR,0,2003,GAS CYLINDER/STOVE BURST,0,18,9,0
358,13,JAMMU & KASHMIR,408,2003,FIRE-ARMS,386,339,326,22
69,7,JAMMU & KASHMIR,0,2003,SUDDEN DEATHS(HEART ATTACKS),0,69,62,0
14,8,JAMMU & KASHMIR,0,2003,EPILEPTIC FITS/GIDDINESS,0,14,6,0
15,12,JAMMU & KASHMIR,0,2003,ABORTIONS/CHILD BIRTH,0,12,0,0
17,7,JAMMU & KASHMIR,0,2003,INFLUENCE OF ALCOHOL,0,17,10,0
13,9,JAMMU & KASHMIR,1,2003,FOOD POISIONING/ACCIDENTAL INTAKE OF INSECTICIDES ETC.,0,15,6,1
9,4,JAMMU & KASHMIR,0,2003,SNAKE BITE/ANIMAL BITE,0,9,5,0
52,23,JAMMU & KASHMIR,18,2003,OTHER,6,33,10,12
44,2,JAMMU & KASHMIR,0,2003,OTHER RAILWAY ACCIDENTS,0,44,42,0
49,14,JAMMU & KASHMIR,0,2003,TOTAL DROWNING,0,63,49,0
59,14,JAMMU & KASHMIR,0,2003,TOTAL FALLS,0,67,53,0
30,18,JAMMU & KASHMIR,0,2003,TOTAL FIRE,0,40,22,0
115,34,JAMMU & KASHMIR,0,2003,TOTAL SUDDEN DEATHS,0,112,78,0
76,36,JAMMU & KASHMIR,19,2003,TOTAL POISONING,6,59,23,13
0,0,JHARKHAND,0,2003,ELECTROCUTION,0,0,0,0
0,0,JHARKHAND,0,2003,GAS CYLINDER/STOVE BURST,0,0,0,0
1,0,JHARKHAND,1,2003,FIRE-ARMS,1,1,1,0
10,4,JHARKHAND,0,2003,SUDDEN DEATHS(HEART ATTACKS),0,10,6,0
0,0,JHARKHAND,0,2003,EPILEPTIC FITS/GIDDINESS,0,0,0,0
0,0,JHARKHAND,0,2003,ABORTIONS/CHILD BIRTH,0,0,0,0
12,3,JHARKHAND,2,2003,INFLUENCE OF ALCOHOL,1,10,7,1
0,0,JHARKHAND,0,2003,FOOD POISIONING/ACCIDENTAL INTAKE OF INSECTICIDES ETC.,0,0,0,0
8,3,JHARKHAND,3,2003,SNAKE BITE/ANIMAL BITE,1,5,2,2
0,0,JHARKHAND,0,2003,OTHER,0,0,0,0
142,19,JHARKHAND,147,2003,OTHER RAILWAY ACCIDENTS,75,137,118,72
0,0,JHARKHAND,0,2003,TOTAL DROWNING,0,0,0,0
16,6,JHARKHAND,2,2003,TOTAL FALLS,1,14,8,1
5,3,JHARKHAND,2,2003,TOTAL FIRE,1,4,1,1
22,7,JHARKHAND,2,2003,TOTAL SUDDEN DEATHS,1,20,13,1
14,4,JHARKHAND,4,2003,TOTAL POISONING,2,10,6,2
323,46,KARNATAKA,6,2003,ELECTROCUTION,5,329,283,1
279,225,KARNATAKA,7,2003,GAS CYLINDER/STOVE BURST,4,280,55,3
13,1,KARNATAKA,0,2003,FIRE-ARMS,0,13,12,0
382,39,KARNATAKA,0,2003,SUDDEN DEATHS(HEART ATTACKS),0,380,341,0
71,12,KARNATAKA,0,2003,EPILEPTIC FITS/GIDDINESS,0,71,59,0
7,7,KARNATAKA,0,2003,ABORTIONS/CHILD BIRTH,0,7,0,0
257,15,KARNATAKA,6,2003,INFLUENCE OF ALCOHOL,4,251,236,2
107,38,KARNATAKA,0,2003,FOOD POISIONING/ACCIDENTAL INTAKE OF INSECTICIDES ETC.,0,110,72,0
476,133,KARNATAKA,0,2003,SNAKE BITE/ANIMAL BITE,0,480,347,0
720,190,KARNATAKA,0,2003,OTHER,0,731,541,0
579,87,KARNATAKA,0,2003,OTHER RAILWAY ACCIDENTS,0,579,492,0
1337,385,KARNATAKA,0,2003,TOTAL DROWNING,0,1387,1002,0
433,47,KARNATAKA,3,2003,TOTAL FALLS,3,440,393,0
1395,939,KARNATAKA,12,2003,TOTAL FIRE,8,1391,452,4
717,73,KARNATAKA,6,2003,TOTAL SUDDEN DEATHS,4,709,636,2
1367,373,KARNATAKA,0,2003,TOTAL POISONING,0,1385,1012,0
153,21,KERALA,4,2003,ELECTROCUTION,4,153,132,0
21,18,KERALA,0,2003,GAS CYLINDER/STOVE BURST,0,21,3,0
1,0,KERALA,0,2003,FIRE-ARMS,0,1,1,0
580,56,KERALA,0,2003,SUDDEN DEATHS(HEART ATTACKS),0,582,526,0
46,11,KERALA,0,2003,EPILEPTIC FITS/GIDDINESS,0,48,37,0
5,5,KERALA,0,2003,ABORTIONS/CHILD BIRTH,0,5,0,0
48,0,KERALA,1,2003,INFLUENCE OF ALCOHOL,0,47,47,1
7,2,KERALA,0,2003,FOOD POISIONING/ACCIDENTAL INTAKE OF INSECTICIDES ETC.,0,7,5,0
34,10,KERALA,0,2003,SNAKE BITE/ANIMAL BITE,0,34,24,0
125,33,KERALA,6,2003,OTHER,6,125,92,0
156,35,KERALA,0,2003,OTHER RAILWAY ACCIDENTS,0,157,122,0
1111,256,KERALA,13,2003,TOTAL DROWNING,11,1140,884,2
478,41,KERALA,12,2003,TOTAL FALLS,9,483,442,3
215,140,KERALA,16,2003,TOTAL FIRE,13,219,79,3
679,72,KERALA,1,2003,TOTAL SUDDEN DEATHS,0,682,610,1
172,47,KERALA,6,2003,TOTAL POISONING,6,172,125,0
1109,212,MADHYA PRADESH,41,2003,ELECTROCUTION,31,1074,862,10
227,145,MADHYA PRADESH,26,2003,GAS CYLINDER/STOVE BURST,8,211,66,18
144,16,MADHYA PRADESH,38,2003,FIRE-ARMS,36,104,88,2
590,101,MADHYA PRADESH,0,2003,SUDDEN DEATHS(HEART ATTACKS),0,586,485,0
175,54,MADHYA PRADESH,0,2003,EPILEPTIC FITS/GIDDINESS,0,175,121,0
109,109,MADHYA PRADESH,0,2003,ABORTIONS/CHILD BIRTH,0,109,0,0
298,10,MADHYA PRADESH,0,2003,INFLUENCE OF ALCOHOL,0,298,288,0
1739,688,MADHYA PRADESH,10,2003,FOOD POISIONING/ACCIDENTAL INTAKE OF INSECTICIDES ETC.,5,1742,1054,5
1453,573,MADHYA PRADESH,44,2003,SNAKE BITE/ANIMAL BITE,19,1409,836,25
449,138,MADHYA PRADESH,9,2003,OTHER,9,449,311,0
1262,212,MADHYA PRADESH,0,2003,OTHER RAILWAY ACCIDENTS,0,1262,1050,0
3765,1276,MADHYA PRADESH,66,2003,TOTAL DROWNING,43,3719,2443,23
740,147,MADHYA PRADESH,31,2003,TOTAL FALLS,22,715,568,9
1877,1182,MADHYA PRADESH,112,2003,TOTAL FIRE,41,1784,602,71
1172,274,MADHYA PRADESH,0,2003,TOTAL SUDDEN DEATHS,0,1168,894,0
3687,1414,MADHYA PRADESH,63,2003,TOTAL POISONING,33,3647,2233,30
1040,161,MAHARASHTRA,82,2003,ELECTROCUTION,56,976,815,26
358,297,MAHARASHTRA,12,2003,GAS CYLINDER/STOVE BURST,3,359,62,9
31,0,MAHARASHTRA,1,2003,FIRE-ARMS,1,43,43,0
4128,591,MAHARASHTRA,60,2003,SUDDEN DEATHS(HEART ATTACKS),44,4066,3475,16
1385,253,MAHARASHTRA,254,2003,EPILEPTIC FITS/GIDDINESS,185,1133,880,69
278,278,MAHARASHTRA,0,2003,ABORTIONS/CHILD BIRTH,0,278,0,0
1138,21,MAHARASHTRA,35,2003,INFLUENCE OF ALCOHOL,35,1104,1083,0
2941,594,MAHARASHTRA,2018,2003,FOOD POISIONING/ACCIDENTAL INTAKE OF INSECTICIDES ETC.,1009,1797,1203,1009
1812,387,MAHARASHTRA,769,2003,SNAKE BITE/ANIMAL BITE,471,1051,664,298
61,11,MAHARASHTRA,2,2003,OTHER,2,59,48,0
7630,563,MAHARASHTRA,2756,2003,OTHER RAILWAY ACCIDENTS,2421,5036,4473,335
4597,1435,MAHARASHTRA,44,2003,TOTAL DROWNING,33,4761,3326,11
2115,220,MAHARASHTRA,244,2003,TOTAL FALLS,196,1876,1656,48
5754,3814,MAHARASHTRA,731,2003,TOTAL FIRE,334,5218,1404,397
6929,1143,MAHARASHTRA,349,2003,TOTAL SUDDEN DEATHS,264,6581,5438,85
4837,997,MAHARASHTRA,2789,2003,TOTAL POISONING,1482,2933,1936,1307
5,2,MANIPUR,5,2003,ELECTROCUTION,5,5,3,0
0,0,MANIPUR,0,2003,GAS CYLINDER/STOVE BURST,0,0,0,0
1,0,MANIPUR,0,2003,FIRE-ARMS,0,1,1,0
8,1,MANIPUR,0,2003,SUDDEN DEATHS(HEART ATTACKS),0,8,7,0
1,0,MANIPUR,0,2003,EPILEPTIC FITS/GIDDINESS,0,1,1,0
0,0,MANIPUR,0,2003,ABORTIONS/CHILD BIRTH,0,0,0,0
0,0,MANIPUR,0,2003,INFLUENCE OF ALCOHOL,0,0,0,0
0,0,MANIPUR,0,2003,FOOD POISIONING/ACCIDENTAL INTAKE OF INSECTICIDES ETC.,0,0,0,0
0,0,MANIPUR,0,2003,SNAKE BITE/ANIMAL BITE,0,0,0,0
7,0,MANIPUR,0,2003,OTHER,0,7,7,0
0,0,MANIPUR,0,2003,OTHER RAILWAY ACCIDENTS,0,0,0,0
15,1,MANIPUR,0,2003,TOTAL DROWNING,0,15,14,0
5,0,MANIPUR,0,2003,TOTAL FALLS,0,5,5,0
1,0,MANIPUR,0,2003,TOTAL FIRE,0,1,1,0
9,1,MANIPUR,0,2003,TOTAL SUDDEN DEATHS,0,9,8,0
7,0,MANIPUR,0,2003,TOTAL POISONING,0,7,7,0
4,0,MEGHALAYA,3,2003,ELECTROCUTION,3,1,1,0
2,2,MEGHALAYA,0,2003,GAS CYLINDER/STOVE BURST,0,2,0,0
0,0,MEGHALAYA,0,2003,FIRE-ARMS,0,0,0,0
3,0,MEGHALAYA,0,2003,SUDDEN DEATHS(HEART ATTACKS),0,3,3,0
2,0,MEGHALAYA,0,2003,EPILEPTIC FITS/GIDDINESS,0,2,2,0
0,0,MEGHALAYA,0,2003,ABORTIONS/CHILD BIRTH,0,0,0,0
7,1,MEGHALAYA,1,2003,INFLUENCE OF ALCOHOL,1,6,5,0
0,0,MEGHALAYA,0,2003,FOOD POISIONING/ACCIDENTAL INTAKE OF INSECTICIDES ETC.,0,0,0,0
0,0,MEGHALAYA,0,2003,SNAKE BITE/ANIMAL BITE,0,0,0,0
0,0,MEGHALAYA,0,2003,OTHER,0,0,0,0
0,0,MEGHALAYA,0,2003,OTHER RAILWAY ACCIDENTS,0,0,0,0
10,1,MEGHALAYA,0,2003,TOTAL DROWNING,0,10,9,0
2,0,MEGHALAYA,0,2003,TOTAL FALLS,0,2,2,0
11,5,MEGHALAYA,2,2003,TOTAL FIRE,2,11,6,0
12,1,MEGHALAYA,1,2003,TOTAL SUDDEN DEATHS,1,11,10,0
0,0,MEGHALAYA,0,2003,TOTAL POISONING,0,0,0,0
2,0,MIZORAM,0,2003,ELECTROCUTION,0,2,2,0
0,0,MIZORAM,0,2003,GAS CYLINDER/STOVE BURST,0,0,0,0
6,0,MIZORAM,0,2003,FIRE-ARMS,0,6,6,0
7,2,MIZORAM,0,2003,SUDDEN DEATHS(HEART ATTACKS),0,7,5,0
1,0,MIZORAM,0,2003,EPILEPTIC FITS/GIDDINESS,0,1,1,0
0,0,MIZORAM,0,2003,ABORTIONS/CHILD BIRTH,0,0,0,0
1,1,MIZORAM,0,2003,INFLUENCE OF ALCOHOL,0,1,0,0
0,0,MIZORAM,0,2003,FOOD POISIONING/ACCIDENTAL INTAKE OF INSECTICIDES ETC.,0,0,0,0
0,0,MIZORAM,0,2003,SNAKE BITE/ANIMAL BITE,0,0,0,0
0,0,MIZORAM,0,2003,OTHER,0,0,0,0
0,0,MIZORAM,0,2003,OTHER RAILWAY ACCIDENTS,0,0,0,0
15,0,MIZORAM,0,2003,TOTAL DROWNING,0,16,16,0
13,2,MIZORAM,0,2003,TOTAL FALLS,0,13,11,0
3,0,MIZORAM,0,2003,TOTAL FIRE,0,7,7,0
9,3,MIZORAM,0,2003,TOTAL SUDDEN DEATHS,0,9,6,0
0,0,MIZORAM,0,2003,TOTAL POISONING,0,0,0,0
0,0,NAGALAND,0,2003,ELECTROCUTION,0,0,0,0
0,0,NAGALAND,0,2003,GAS CYLINDER/STOVE BURST,0,0,0,0
4,0,NAGALAND,0,2003,FIRE-ARMS,0,5,5,0
4,0,NAGALAND,0,2003,SUDDEN DEATHS(HEART ATTACKS),0,4,4,0
0,0,NAGALAND,0,2003,EPILEPTIC FITS/GIDDINESS,0,0,0,0
0,0,NAGALAND,0,2003,ABORTIONS/CHILD BIRTH,0,0,0,0
0,0,NAGALAND,0,2003,INFLUENCE OF ALCOHOL,0,0,0,0
0,0,NAGALAND,0,2003,FOOD POISIONING/ACCIDENTAL INTAKE OF INSECTICIDES ETC.,0,0,0,0
0,0,NAGALAND,0,2003,SNAKE BITE/ANIMAL BITE,0,0,0,0
1,0,NAGALAND,0,2003,OTHER,0,1,1,0
5,0,NAGALAND,0,2003,OTHER RAILWAY ACCIDENTS,0,5,5,0
4,0,NAGALAND,0,2003,TOTAL DROWNING,0,7,7,0
0,0,NAGALAND,0,2003,TOTAL FALLS,0,0,0,0
1,0,NAGALAND,0,2003,TOTAL FIRE,0,1,1,0
4,0,NAGALAND,0,2003,TOTAL SUDDEN DEATHS,0,4,4,0
1,0,NAGALAND,0,2003,TOTAL POISONING,0,1,1,0
173,37,ODISHA,8,2003,ELECTROCUTION,5,178,141,3
25,24,ODISHA,0,2003,GAS CYLINDER/STOVE BURST,0,25,1,0
1,0,ODISHA,0,2003,FIRE-ARMS,0,3,3,0
119,38,ODISHA,0,2003,SUDDEN DEATHS(HEART ATTACKS),0,122,84,0
50,14,ODISHA,0,2003,EPILEPTIC FITS/GIDDINESS,0,50,36,0
15,15,ODISHA,0,2003,ABORTIONS/CHILD BIRTH,0,15,0,0
29,0,ODISHA,0,2003,INFLUENCE OF ALCOHOL,0,29,29,0
386,138,ODISHA,40,2003,FOOD POISIONING/ACCIDENTAL INTAKE OF INSECTICIDES ETC.,31,390,252,9
462,186,ODISHA,0,2003,SNAKE BITE/ANIMAL BITE,0,489,303,0
336,95,ODISHA,0,2003,OTHER,0,340,245,0
407,108,ODISHA,11,2003,OTHER RAILWAY ACCIDENTS,9,409,301,2
409,149,ODISHA,3,2003,TOTAL DROWNING,3,432,283,0
341,52,ODISHA,50,2003,TOTAL FALLS,39,369,317,11
370,183,ODISHA,21,2003,TOTAL FIRE,17,381,198,4
213,67,ODISHA,0,2003,TOTAL SUDDEN DEATHS,0,216,149,0
1186,419,ODISHA,40,2003,TOTAL POISONING,31,1221,802,9
194,21,PUNJAB,0,2003,ELECTROCUTION,0,194,173,0
109,66,PUNJAB,0,2003,GAS CYLINDER/STOVE BURST,0,109,43,0
14,1,PUNJAB,0,2003,FIRE-ARMS,0,14,13,0
257,26,PUNJAB,0,2003,SUDDEN DEATHS(HEART ATTACKS),0,257,231,0
53,3,PUNJAB,0,2003,EPILEPTIC FITS/GIDDINESS,0,53,50,0
2,2,PUNJAB,0,2003,ABORTIONS/CHILD BIRTH,0,2,0,0
82,0,PUNJAB,0,2003,INFLUENCE OF ALCOHOL,0,82,82,0
143,34,PUNJAB,0,2003,FOOD POISIONING/ACCIDENTAL INTAKE OF INSECTICIDES ETC.,0,143,109,0
28,5,PUNJAB,0,2003,SNAKE BITE/ANIMAL BITE,0,28,23,0
256,66,PUNJAB,0,2003,OTHER,0,256,190,0
701,141,PUNJAB,0,2003,OTHER RAILWAY ACCIDENTS,0,701,560,0
308,46,PUNJAB,0,2003,TOTAL DROWNING,0,308,262,0
152,14,PUNJAB,0,2003,TOTAL FALLS,0,152,138,0
347,164,PUNJAB,23,2003,TOTAL FIRE,14,324,160,9
394,31,PUNJAB,0,2003,TOTAL SUDDEN DEATHS,0,394,363,0
549,130,PUNJAB,0,2003,TOTAL POISONING,0,549,419,0
364,44,RAJASTHAN,0,2003,ELECTROCUTION,0,370,326,0
91,69,RAJASTHAN,1,2003,GAS CYLINDER/STOVE BURST,0,92,23,1
6,0,RAJASTHAN,0,2003,FIRE-ARMS,0,6,6,0
461,87,RAJASTHAN,0,2003,SUDDEN DEATHS(HEART ATTACKS),0,461,374,0
174,23,RAJASTHAN,0,2003,EPILEPTIC FITS/GIDDINESS,0,176,153,0
24,24,RAJASTHAN,0,2003,ABORTIONS/CHILD BIRTH,0,24,0,0
211,0,RAJASTHAN,1,2003,INFLUENCE OF ALCOHOL,1,210,210,0
1018,337,RAJASTHAN,6,2003,FOOD POISIONING/ACCIDENTAL INTAKE OF INSECTICIDES ETC.,4,1023,686,2
73,23,RAJASTHAN,0,2003,SNAKE BITE/ANIMAL BITE,0,73,50,0
112,31,RAJASTHAN,0,2003,OTHER,0,113,82,0
264,34,RAJASTHAN,0,2003,OTHER RAILWAY ACCIDENTS,0,265,231,0
1411,350,RAJASTHAN,1,2003,TOTAL DROWNING,1,1471,1121,0
596,136,RAJASTHAN,3,2003,TOTAL FALLS,3,593,457,0
638,384,RAJASTHAN,2,2003,TOTAL FIRE,1,647,263,1
870,134,RAJASTHAN,1,2003,TOTAL SUDDEN DEATHS,1,871,737,0
1206,391,RAJASTHAN,9,2003,TOTAL POISONING,7,1218,827,2
2,0,SIKKIM,0,2003,ELECTROCUTION,0,2,2,0
2,0,SIKKIM,0,2003,GAS CYLINDER/STOVE BURST,0,2,2,0
0,0,SIKKIM,0,2003,FIRE-ARMS,0,0,0,0
1,0,SIKKIM,0,2003,SUDDEN DEATHS(HEART ATTACKS),0,1,1,0
0,0,SIKKIM,0,2003,EPILEPTIC FITS/GIDDINESS,0,0,0,0
0,0,SIKKIM,0,2003,ABORTIONS/CHILD BIRTH,0,0,0,0
9,0,SIKKIM,0,2003,INFLUENCE OF ALCOHOL,0,9,9,0
2,0,SIKKIM,0,2003,FOOD POISIONING/ACCIDENTAL INTAKE OF INSECTICIDES ETC.,0,2,2,0
0,0,SIKKIM,0,2003,SNAKE BITE/ANIMAL BITE,0,0,0,0
1,1,SIKKIM,0,2003,OTHER,0,1,0,0
0,0,SIKKIM,0,2003,OTHER RAILWAY ACCIDENTS,0,0,0,0
20,5,SIKKIM,0,2003,TOTAL DROWNING,0,20,15,0
21,4,SIKKIM,0,2003,TOTAL FALLS,0,21,17,0
9,6,SIKKIM,0,2003,TOTAL FIRE,0,9,3,0
10,0,SIKKIM,0,2003,TOTAL SUDDEN DEATHS,0,10,10,0
3,1,SIKKIM,0,2003,TOTAL POISONING,0,3,2,0
261,35,TAMIL NADU,9,2003,ELECTROCUTION,9,260,225,0
567,460,TAMIL NADU,14,2003,GAS CYLINDER/STOVE BURST,3,570,110,11
0,0,TAMIL NADU,0,2003,FIRE-ARMS,0,0,0,0
610,85,TAMIL NADU,0,2003,SUDDEN DEATHS(HEART ATTACKS),0,611,526,0
98,25,TAMIL NADU,5,2003,EPILEPTIC FITS/GIDDINESS,5,98,73,0
21,21,TAMIL NADU,0,2003,ABORTIONS/CHILD BIRTH,0,21,0,0
95,0,TAMIL NADU,0,2003,INFLUENCE OF ALCOHOL,0,95,95,0
175,52,TAMIL NADU,0,2003,FOOD POISIONING/ACCIDENTAL INTAKE OF INSECTICIDES ETC.,0,169,117,0
368,110,TAMIL NADU,0,2003,SNAKE BITE/ANIMAL BITE,0,370,260,0
1141,360,TAMIL NADU,6,2003,OTHER,4,1154,794,2
0,0,TAMIL NADU,0,2003,OTHER RAILWAY ACCIDENTS,0,0,0,0
833,233,TAMIL NADU,25,2003,TOTAL DROWNING,17,841,608,8
407,56,TAMIL NADU,9,2003,TOTAL FALLS,6,399,343,3
1481,1025,TAMIL NADU,32,2003,TOTAL FIRE,12,1489,464,20
824,131,TAMIL NADU,5,2003,TOTAL SUDDEN DEATHS,5,825,694,0
1689,523,TAMIL NADU,94,2003,TOTAL POISONING,92,1714,1191,2
10,1,TRIPURA,0,2003,ELECTROCUTION,0,10,9,0
1,1,TRIPURA,0,2003,GAS CYLINDER/STOVE BURST,0,1,0,0
1,0,TRIPURA,0,2003,FIRE-ARMS,0,1,1,0
0,0,TRIPURA,0,2003,SUDDEN DEATHS(HEART ATTACKS),0,0,0,0
0,0,TRIPURA,0,2003,EPILEPTIC FITS/GIDDINESS,0,0,0,0
0,0,TRIPURA,0,2003,ABORTIONS/CHILD BIRTH,0,0,0,0
0,0,TRIPURA,0,2003,INFLUENCE OF ALCOHOL,0,0,0,0
0,0,TRIPURA,0,2003,FOOD POISIONING/ACCIDENTAL INTAKE OF INSECTICIDES ETC.,0,0,0,0
0,0,TRIPURA,0,2003,SNAKE BITE/ANIMAL BITE,0,0,0,0
0,0,TRIPURA,0,2003,OTHER,0,0,0,0
0,0,TRIPURA,0,2003,OTHER RAILWAY ACCIDENTS,0,0,0,0
32,7,TRIPURA,0,2003,TOTAL DROWNING,0,32,25,0
2,0,TRIPURA,0,2003,TOTAL FALLS,0,2,2,0
8,2,TRIPURA,0,2003,TOTAL FIRE,0,8,6,0
0,0,TRIPURA,0,2003,TOTAL SUDDEN DEATHS,0,0,0,0
0,0,TRIPURA,0,2003,TOTAL POISONING,0,0,0,0
328,53,UTTAR PRADESH,50,2003,ELECTROCUTION,38,345,292,12
122,103,UTTAR PRADESH,19,2003,GAS CYLINDER/STOVE BURST,8,124,21,11
1689,181,UTTAR PRADESH,819,2003,FIRE-ARMS,675,1218,1037,144
190,38,UTTAR PRADESH,60,2003,SUDDEN DEATHS(HEART ATTACKS),56,198,160,4
54,13,UTTAR PRADESH,3,2003,EPILEPTIC FITS/GIDDINESS,3,51,38,0
45,41,UTTAR PRADESH,3,2003,ABORTIONS/CHILD BIRTH,0,41,0,3
121,4,UTTAR PRADESH,13,2003,INFLUENCE OF ALCOHOL,13,117,113,0
552,186,UTTAR PRADESH,52,2003,FOOD POISIONING/ACCIDENTAL INTAKE OF INSECTICIDES ETC.,29,574,388,23
40,14,UTTAR PRADESH,2,2003,SNAKE BITE/ANIMAL BITE,2,52,38,0
190,69,UTTAR PRADESH,31,2003,OTHER,20,187,118,11
2321,389,UTTAR PRADESH,71,2003,OTHER RAILWAY ACCIDENTS,48,2386,1997,23
473,160,UTTAR PRADESH,69,2003,TOTAL DROWNING,54,561,401,15
217,58,UTTAR PRADESH,43,2003,TOTAL FALLS,32,224,166,11
874,605,UTTAR PRADESH,158,2003,TOTAL FIRE,80,901,296,78
410,96,UTTAR PRADESH,79,2003,TOTAL SUDDEN DEATHS,72,407,311,7
836,274,UTTAR PRADESH,112,2003,TOTAL POISONING,63,860,586,49
22,4,UTTARAKHAND,1,2003,ELECTROCUTION,1,22,18,0
11,8,UTTARAKHAND,0,2003,GAS CYLINDER/STOVE BURST,0,11,3,0
28,2,UTTARAKHAND,3,2003,FIRE-ARMS,3,32,30,0
45,3,UTTARAKHAND,0,2003,SUDDEN DEATHS(HEART ATTACKS),0,45,42,0
7,0,UTTARAKHAND,0,2003,EPILEPTIC FITS/GIDDINESS,0,7,7,0
3,3,UTTARAKHAND,0,2003,ABORTIONS/CHILD BIRTH,0,3,0,0
14,0,UTTARAKHAND,0,2003,INFLUENCE OF ALCOHOL,0,14,14,0
118,43,UTTARAKHAND,1,2003,FOOD POISIONING/ACCIDENTAL INTAKE OF INSECTICIDES ETC.,1,117,74,0
5,1,UTTARAKHAND,0,2003,SNAKE BITE/ANIMAL BITE,0,5,4,0
27,14,UTTARAKHAND,1,2003,OTHER,1,26,12,0
33,4,UTTARAKHAND,3,2003,OTHER RAILWAY ACCIDENTS,3,33,29,0
77,15,UTTARAKHAND,0,2003,TOTAL DROWNING,0,79,64,0
73,11,UTTARAKHAND,1,2003,TOTAL FALLS,1,73,62,0
78,44,UTTARAKHAND,2,2003,TOTAL FIRE,2,81,37,0
69,6,UTTARAKHAND,0,2003,TOTAL SUDDEN DEATHS,0,69,63,0
151,58,UTTARAKHAND,2,2003,TOTAL POISONING,2,149,91,0
108,20,WEST BENGAL,28,2003,ELECTROCUTION,18,99,79,10
54,29,WEST BENGAL,25,2003,GAS CYLINDER/STOVE BURST,6,32,3,19
66,6,WEST BENGAL,20,2003,FIRE-ARMS,17,52,46,3
441,106,WEST BENGAL,34,2003,SUDDEN DEATHS(HEART ATTACKS),18,407,301,16
1,0,WEST BENGAL,0,2003,EPILEPTIC FITS/GIDDINESS,0,1,1,0
22,20,WEST BENGAL,2,2003,ABORTIONS/CHILD BIRTH,0,20,0,2
53,2,WEST BENGAL,15,2003,INFLUENCE OF ALCOHOL,12,39,37,3
82,32,WEST BENGAL,63,2003,FOOD POISIONING/ACCIDENTAL INTAKE OF INSECTICIDES ETC.,44,81,49,19
231,64,WEST BENGAL,30,2003,SNAKE BITE/ANIMAL BITE,26,211,147,4
336,147,WEST BENGAL,52,2003,OTHER,30,320,173,22
2217,510,WEST BENGAL,1,2003,OTHER RAILWAY ACCIDENTS,0,2218,1708,1
407,109,WEST BENGAL,53,2003,TOTAL DROWNING,33,407,298,20
342,58,WEST BENGAL,83,2003,TOTAL FALLS,57,271,213,26
401,171,WEST BENGAL,148,2003,TOTAL FIRE,88,310,139,60
517,128,WEST BENGAL,51,2003,TOTAL SUDDEN DEATHS,30,467,339,21
650,243,WEST BENGAL,146,2003,TOTAL POISONING,101,612,369,45
0,0,A & N ISLANDS,0,2003,ELECTROCUTION,0,0,0,0
0,0,A & N ISLANDS,0,2003,GAS CYLINDER/STOVE BURST,0,0,0,0
0,0,A & N ISLANDS,0,2003,FIRE-ARMS,0,0,0,0
19,7,A & N ISLANDS,0,2003,SUDDEN DEATHS(HEART ATTACKS),0,19,12,0
1,0,A & N ISLANDS,0,2003,EPILEPTIC FITS/GIDDINESS,0,1,1,0
0,0,A & N ISLANDS,0,2003,ABORTIONS/CHILD BIRTH,0,0,0,0
12,0,A & N ISLANDS,0,2003,INFLUENCE OF ALCOHOL,0,12,12,0
0,0,A & N ISLANDS,0,2003,FOOD POISIONING/ACCIDENTAL INTAKE OF INSECTICIDES ETC.,0,0,0,0
1,0,A & N ISLANDS,0,2003,SNAKE BITE/ANIMAL BITE,0,1,1,0
0,0,A & N ISLANDS,0,2003,OTHER,0,0,0,0
0,0,A & N ISLANDS,0,2003,OTHER RAILWAY ACCIDENTS,0,0,0,0
40,13,A & N ISLANDS,0,2003,TOTAL DROWNING,0,43,30,0
12,1,A & N ISLANDS,0,2003,TOTAL FALLS,0,12,11,0
28,20,A & N ISLANDS,0,2003,TOTAL FIRE,0,28,8,0
32,7,A & N ISLANDS,0,2003,TOTAL SUDDEN DEATHS,0,32,25,0
1,0,A & N ISLANDS,0,2003,TOTAL POISONING,0,1,1,0
6,1,CHANDIGARH,1,2003,ELECTROCUTION,0,7,6,1
14,10,CHANDIGARH,0,2003,GAS CYLINDER/STOVE BURST,0,14,4,0
1,0,CHANDIGARH,0,2003,FIRE-ARMS,0,1,1,0
41,1,CHANDIGARH,0,2003,SUDDEN DEATHS(HEART ATTACKS),0,41,40,0
1,0,CHANDIGARH,0,2003,EPILEPTIC FITS/GIDDINESS,0,1,1,0
4,4,CHANDIGARH,0,2003,ABORTIONS/CHILD BIRTH,0,4,0,0
21,0,CHANDIGARH,0,2003,INFLUENCE OF ALCOHOL,0,21,21,0
4,3,CHANDIGARH,0,2003,FOOD POISIONING/ACCIDENTAL INTAKE OF INSECTICIDES ETC.,0,7,4,0
0,0,CHANDIGARH,0,2003,SNAKE BITE/ANIMAL BITE,0,0,0,0
14,6,CHANDIGARH,0,2003,OTHER,0,15,9,0
0,0,CHANDIGARH,0,2003,OTHER RAILWAY ACCIDENTS,0,0,0,0
9,0,CHANDIGARH,0,2003,TOTAL DROWNING,0,9,9,0
15,3,CHANDIGARH,0,2003,TOTAL FALLS,0,15,12,0
26,20,CHANDIGARH,0,2003,TOTAL FIRE,0,26,6,0
67,5,CHANDIGARH,0,2003,TOTAL SUDDEN DEATHS,0,67,62,0
18,9,CHANDIGARH,0,2003,TOTAL POISONING,0,22,13,0
6,0,D & N HAVELI,0,2003,ELECTROCUTION,0,6,6,0
0,0,D & N HAVELI,0,2003,GAS CYLINDER/STOVE BURST,0,0,0,0
0,0,D & N HAVELI,0,2003,FIRE-ARMS,0,0,0,0
18,2,D & N HAVELI,0,2003,SUDDEN DEATHS(HEART ATTACKS),0,18,16,0
0,0,D & N HAVELI,0,2003,EPILEPTIC FITS/GIDDINESS,0,0,0,0
0,0,D & N HAVELI,0,2003,ABORTIONS/CHILD BIRTH,0,0,0,0
0,0,D & N HAVELI,0,2003,INFLUENCE OF ALCOHOL,0,0,0,0
0,0,D & N HAVELI,0,2003,FOOD POISIONING/ACCIDENTAL INTAKE OF INSECTICIDES ETC.,0,0,0,0
2,1,D & N HAVELI,0,2003,SNAKE BITE/ANIMAL BITE,0,2,1,0
0,0,D & N HAVELI,0,2003,OTHER,0,0,0,0
0,0,D & N HAVELI,0,2003,OTHER RAILWAY ACCIDENTS,0,0,0,0
15,3,D & N HAVELI,0,2003,TOTAL DROWNING,0,16,13,0
12,1,D & N HAVELI,0,2003,TOTAL FALLS,0,12,11,0
3,1,D & N HAVELI,0,2003,TOTAL FIRE,0,3,2,0
18,2,D & N HAVELI,0,2003,TOTAL SUDDEN DEATHS,0,18,16,0
2,1,D & N HAVELI,0,2003,TOTAL POISONING,0,2,1,0
2,0,DAMAN & DIU,0,2003,ELECTROCUTION,0,2,2,0
0,0,DAMAN & DIU,0,2003,GAS CYLINDER/STOVE BURST,0,0,0,0
0,0,DAMAN & DIU,0,2003,FIRE-ARMS,0,0,0,0
8,1,DAMAN & DIU,0,2003,SUDDEN DEATHS(HEART ATTACKS),0,8,7,0
1,0,DAMAN & DIU,0,2003,EPILEPTIC FITS/GIDDINESS,0,1,1,0
0,0,DAMAN & DIU,0,2003,ABORTIONS/CHILD BIRTH,0,0,0,0
2,0,DAMAN & DIU,0,2003,INFLUENCE OF ALCOHOL,0,2,2,0
1,1,DAMAN & DIU,0,2003,FOOD POISIONING/ACCIDENTAL INTAKE OF INSECTICIDES ETC.,0,1,0,0
0,0,DAMAN & DIU,0,2003,SNAKE BITE/ANIMAL BITE,0,0,0,0
1,0,DAMAN & DIU,0,2003,OTHER,0,1,1,0
0,0,DAMAN & DIU,0,2003,OTHER RAILWAY ACCIDENTS,0,0,0,0
15,1,DAMAN & DIU,0,2003,TOTAL DROWNING,0,15,14,0
3,0,DAMAN & DIU,0,2003,TOTAL FALLS,0,3,3,0
3,2,DAMAN & DIU,0,2003,TOTAL FIRE,0,5,3,0
11,1,DAMAN & DIU,0,2003,TOTAL SUDDEN DEATHS,0,11,10,0
2,1,DAMAN & DIU,0,2003,TOTAL POISONING,0,2,1,0
194,23,DELHI(UT),10,2003,ELECTROCUTION,8,197,174,2
153,117,DELHI(UT),11,2003,GAS CYLINDER/STOVE BURST,6,157,40,5
38,8,DELHI(UT),19,2003,FIRE-ARMS,18,27,19,1
193,15,DELHI(UT),0,2003,SUDDEN DEATHS(HEART ATTACKS),0,193,178,0
19,5,DELHI(UT),0,2003,EPILEPTIC FITS/GIDDINESS,0,19,14,0
11,11,DELHI(UT),0,2003,ABORTIONS/CHILD BIRTH,0,11,0,0
64,2,DELHI(UT),0,2003,INFLUENCE OF ALCOHOL,0,64,62,0
74,21,DELHI(UT),18,2003,FOOD POISIONING/ACCIDENTAL INTAKE OF INSECTICIDES ETC.,18,78,57,0
8,3,DELHI(UT),0,2003,SNAKE BITE/ANIMAL BITE,0,8,5,0
118,50,DELHI(UT),0,2003,OTHER,0,118,68,0
807,111,DELHI(UT),0,2003,OTHER RAILWAY ACCIDENTS,0,818,707,0
148,18,DELHI(UT),0,2003,TOTAL DROWNING,0,150,132,0
307,56,DELHI(UT),6,2003,TOTAL FALLS,6,314,258,0
403,256,DELHI(UT),19,2003,TOTAL FIRE,13,421,165,6
287,33,DELHI(UT),0,2003,TOTAL SUDDEN DEATHS,0,287,254,0
206,78,DELHI(UT),21,2003,TOTAL POISONING,19,210,132,2
0,0,LAKSHADWEEP,0,2003,ELECTROCUTION,0,0,0,0
0,0,LAKSHADWEEP,0,2003,GAS CYLINDER/STOVE BURST,0,0,0,0
0,0,LAKSHADWEEP,0,2003,FIRE-ARMS,0,0,0,0
0,0,LAKSHADWEEP,0,2003,SUDDEN DEATHS(HEART ATTACKS),0,0,0,0
0,0,LAKSHADWEEP,0,2003,EPILEPTIC FITS/GIDDINESS,0,0,0,0
0,0,LAKSHADWEEP,0,2003,ABORTIONS/CHILD BIRTH,0,0,0,0
0,0,LAKSHADWEEP,0,2003,INFLUENCE OF ALCOHOL,0,0,0,0
0,0,LAKSHADWEEP,0,2003,FOOD POISIONING/ACCIDENTAL INTAKE OF INSECTICIDES ETC.,0,0,0,0
0,0,LAKSHADWEEP,0,2003,SNAKE BITE/ANIMAL BITE,0,0,0,0
0,0,LAKSHADWEEP,0,2003,OTHER,0,0,0,0
0,0,LAKSHADWEEP,0,2003,OTHER RAILWAY ACCIDENTS,0,0,0,0
0,0,LAKSHADWEEP,0,2003,TOTAL DROWNING,0,0,0,0
0,0,LAKSHADWEEP,0,2003,TOTAL FALLS,0,0,0,0
0,0,LAKSHADWEEP,0,2003,TOTAL FIRE,0,0,0,0
0,0,LAKSHADWEEP,0,2003,TOTAL SUDDEN DEATHS,0,0,0,0
0,0,LAKSHADWEEP,0,2003,TOTAL POISONING,0,0,0,0
27,5,PUDUCHERRY,0,2003,ELECTROCUTION,0,27,22,0
0,0,PUDUCHERRY,0,2003,GAS CYLINDER/STOVE BURST,0,0,0,0
0,0,PUDUCHERRY,0,2003,FIRE-ARMS,0,0,0,0
47,7,PUDUCHERRY,0,2003,SUDDEN DEATHS(HEART ATTACKS),0,47,40,0
10,2,PUDUCHERRY,0,2003,EPILEPTIC FITS/GIDDINESS,0,10,8,0
0,0,PUDUCHERRY,0,2003,ABORTIONS/CHILD BIRTH,0,0,0,0
124,5,PUDUCHERRY,0,2003,INFLUENCE OF ALCOHOL,0,124,119,0
2,1,PUDUCHERRY,0,2003,FOOD POISIONING/ACCIDENTAL INTAKE OF INSECTICIDES ETC.,0,2,1,0
11,4,PUDUCHERRY,0,2003,SNAKE BITE/ANIMAL BITE,0,11,7,0
6,1,PUDUCHERRY,0,2003,OTHER,0,6,5,0
0,0,PUDUCHERRY,0,2003,OTHER RAILWAY ACCIDENTS,0,0,0,0
65,8,PUDUCHERRY,0,2003,TOTAL DROWNING,0,71,63,0
27,4,PUDUCHERRY,0,2003,TOTAL FALLS,0,27,23,0
49,36,PUDUCHERRY,0,2003,TOTAL FIRE,0,49,13,0
181,14,PUDUCHERRY,0,2003,TOTAL SUDDEN DEATHS,0,181,167,0
19,6,PUDUCHERRY,0,2003,TOTAL POISONING,0,19,13,0
