MALE KILLED,CASES,YEAR,MALE INJURED,TOTAL KILLED,STATE/UT,FEMALE KILLED,CAUSE,FEMALE INJURED,TOTAL INJURED
1267,1532,2008,12,1480,ANDHRA PRADESH,213,ELECTROCUTION,10,22
105,613,2008,13,622,ANDHRA PRADESH,517,GAS CYLINDER/STOVE BURST,23,36
10,11,2008,1,12,ANDHRA PRADESH,2,FIRE-ARMS,0,1
365,410,2008,0,438,ANDHRA PRADESH,73,SUDDEN DEATHS(HEART ATTACKS),0,0
128,156,2008,0,159,ANDHRA PRADESH,31,EPILEPTIC FITS/GIDDINESS,0,0
0,6,2008,0,6,ANDHRA PRADESH,6,ABORTIONS/CHILD BIRTH,0,0
230,234,2008,0,243,ANDHRA PRADESH,13,INFLUENCE OF ALCOHOL,0,0
219,308,2008,3,317,ANDHRA PRADESH,98,FOOD POISIONING/ACCIDENTAL INTAKE OF INSECTICIDES ETC.,0,3
629,883,2008,14,882,ANDHRA PRADESH,253,SNAKE BITE/ANIMAL BITE,11,25
448,583,2008,11,586,ANDHRA PRADESH,138,OTHER,15,26
1669,1945,2008,486,1943,ANDHRA PRADESH,274,OTHER RAILWAY ACCIDENTS,76,562
2063,2443,2008,15,2576,ANDHRA PRADESH,513,TOTAL DROWNING,6,21
1121,1246,2008,28,1265,ANDHRA PRADESH,144,TOTAL FALLS,6,34
574,1668,2008,39,1758,ANDHRA PRADESH,1184,TOTAL FIRE,42,81
723,806,2008,0,846,ANDHRA PRADESH,123,TOTAL SUDDEN DEATHS,0,0
1341,1825,2008,28,1840,ANDHRA PRADESH,499,TOTAL POISONING,26,54
3,3,2008,0,3,ARUNACHAL PRADESH,0,ELECTROCUTION,0,0
1,1,2008,0,1,ARUNACHAL PRADESH,0,GAS CYLINDER/STOVE BURST,0,0
4,3,2008,0,4,ARUNACHAL PRADESH,0,FIRE-ARMS,0,0
10,12,2008,0,12,ARUNACHAL PRADESH,2,SUDDEN DEATHS(HEART ATTACKS),0,0
0,0,2008,0,0,ARUNACHAL PRADESH,0,EPILEPTIC FITS/GIDDINESS,0,0
0,0,2008,0,0,ARUNACHAL PRADESH,0,ABORTIONS/CHILD BIRTH,0,0
5,5,2008,0,5,ARUNACHAL PRADESH,0,INFLUENCE OF ALCOHOL,0,0
0,0,2008,0,0,ARUNACHAL PRADESH,0,FOOD POISIONING/ACCIDENTAL INTAKE OF INSECTICIDES ETC.,0,0
1,1,2008,0,1,ARUNACHAL PRADESH,0,SNAKE BITE/ANIMAL BITE,0,0
22,10,2008,0,26,ARUNACHAL PRADESH,4,OTHER,0,0
0,0,2008,0,0,ARUNACHAL PRADESH,0,OTHER RAILWAY ACCIDENTS,0,0
15,16,2008,0,18,ARUNACHAL PRADESH,3,TOTAL DROWNING,0,0
20,21,2008,1,21,ARUNACHAL PRADESH,1,TOTAL FALLS,0,1
8,7,2008,0,8,ARUNACHAL PRADESH,0,TOTAL FIRE,0,0
15,17,2008,0,17,ARUNACHAL PRADESH,2,TOTAL SUDDEN DEATHS,0,0
23,11,2008,0,27,ARUNACHAL PRADESH,4,TOTAL POISONING,0,0
38,46,2008,0,46,ASSAM,8,ELECTROCUTION,0,0
1,13,2008,0,13,ASSAM,12,GAS CYLINDER/STOVE BURST,0,0
15,16,2008,0,16,ASSAM,1,FIRE-ARMS,0,0
26,35,2008,1,34,ASSAM,8,SUDDEN DEATHS(HEART ATTACKS),0,1
0,0,2008,0,0,ASSAM,0,EPILEPTIC FITS/GIDDINESS,0,0
0,9,2008,0,9,ASSAM,9,ABORTIONS/CHILD BIRTH,0,0
1,2,2008,0,2,ASSAM,1,INFLUENCE OF ALCOHOL,0,0
16,24,2008,0,24,ASSAM,8,FOOD POISIONING/ACCIDENTAL INTAKE OF INSECTICIDES ETC.,0,0
7,8,2008,0,8,ASSAM,1,SNAKE BITE/ANIMAL BITE,0,0
115,180,2008,0,184,ASSAM,69,OTHER,0,0
279,303,2008,0,428,ASSAM,149,OTHER RAILWAY ACCIDENTS,0,0
278,352,2008,0,392,ASSAM,114,TOTAL DROWNING,2,2
35,37,2008,0,39,ASSAM,4,TOTAL FALLS,0,0
65,127,2008,0,146,ASSAM,81,TOTAL FIRE,0,0
27,46,2008,1,45,ASSAM,18,TOTAL SUDDEN DEATHS,0,1
147,215,2008,0,226,ASSAM,79,TOTAL POISONING,0,0
90,94,2008,3,102,BIHAR,12,ELECTROCUTION,0,3
25,112,2008,2,113,BIHAR,88,GAS CYLINDER/STOVE BURST,9,11
20,29,2008,2,35,BIHAR,15,FIRE-ARMS,1,3
55,61,2008,8,61,BIHAR,6,SUDDEN DEATHS(HEART ATTACKS),1,9
32,37,2008,3,40,BIHAR,8,EPILEPTIC FITS/GIDDINESS,1,4
0,7,2008,0,7,BIHAR,7,ABORTIONS/CHILD BIRTH,0,0
98,96,2008,12,99,BIHAR,1,INFLUENCE OF ALCOHOL,0,12
129,241,2008,24,231,BIHAR,102,FOOD POISIONING/ACCIDENTAL INTAKE OF INSECTICIDES ETC.,7,31
29,48,2008,2,48,BIHAR,19,SNAKE BITE/ANIMAL BITE,0,2
111,186,2008,25,170,BIHAR,59,OTHER,25,50
988,1197,2008,21,1227,BIHAR,239,OTHER RAILWAY ACCIDENTS,0,21
285,359,2008,20,372,BIHAR,87,TOTAL DROWNING,8,28
102,138,2008,10,134,BIHAR,32,TOTAL FALLS,2,12
185,536,2008,42,549,BIHAR,364,TOTAL FIRE,50,92
185,201,2008,23,207,BIHAR,22,TOTAL SUDDEN DEATHS,2,25
337,567,2008,52,543,BIHAR,206,TOTAL POISONING,32,84
303,361,2008,0,361,CHHATTISGARH,58,ELECTROCUTION,0,0
3,9,2008,0,10,CHHATTISGARH,7,GAS CYLINDER/STOVE BURST,0,0
50,51,2008,0,58,CHHATTISGARH,8,FIRE-ARMS,0,0
184,227,2008,0,227,CHHATTISGARH,43,SUDDEN DEATHS(HEART ATTACKS),0,0
59,78,2008,0,78,CHHATTISGARH,19,EPILEPTIC FITS/GIDDINESS,0,0
0,39,2008,0,39,CHHATTISGARH,39,ABORTIONS/CHILD BIRTH,0,0
169,193,2008,0,190,CHHATTISGARH,21,INFLUENCE OF ALCOHOL,0,0
236,365,2008,0,388,CHHATTISGARH,152,FOOD POISIONING/ACCIDENTAL INTAKE OF INSECTICIDES ETC.,0,0
378,686,2008,0,686,CHHATTISGARH,308,SNAKE BITE/ANIMAL BITE,0,0
180,293,2008,0,293,CHHATTISGARH,113,OTHER,0,0
407,503,2008,1,503,CHHATTISGARH,96,OTHER RAILWAY ACCIDENTS,0,1
966,1438,2008,0,1438,CHHATTISGARH,472,TOTAL DROWNING,0,0
341,416,2008,0,416,CHHATTISGARH,75,TOTAL FALLS,0,0
240,727,2008,0,728,CHHATTISGARH,488,TOTAL FIRE,0,0
412,537,2008,0,534,CHHATTISGARH,122,TOTAL SUDDEN DEATHS,0,0
820,1376,2008,0,1399,CHHATTISGARH,579,TOTAL POISONING,0,0
18,18,2008,0,18,GOA,0,ELECTROCUTION,0,0
2,14,2008,0,14,GOA,12,GAS CYLINDER/STOVE BURST,0,0
0,0,2008,0,0,GOA,0,FIRE-ARMS,0,0
26,27,2008,0,27,GOA,1,SUDDEN DEATHS(HEART ATTACKS),0,0
3,3,2008,0,3,GOA,0,EPILEPTIC FITS/GIDDINESS,0,0
0,3,2008,0,3,GOA,3,ABORTIONS/CHILD BIRTH,0,0
13,14,2008,0,14,GOA,1,INFLUENCE OF ALCOHOL,0,0
0,0,2008,0,0,GOA,0,FOOD POISIONING/ACCIDENTAL INTAKE OF INSECTICIDES ETC.,0,0
1,2,2008,0,2,GOA,1,SNAKE BITE/ANIMAL BITE,0,0
1,2,2008,0,2,GOA,1,OTHER,0,0
30,30,2008,0,30,GOA,0,OTHER RAILWAY ACCIDENTS,0,0
170,174,2008,1,181,GOA,11,TOTAL DROWNING,0,1
97,108,2008,0,108,GOA,11,TOTAL FALLS,0,0
12,51,2008,0,51,GOA,39,TOTAL FIRE,0,0
42,47,2008,0,47,GOA,5,TOTAL SUDDEN DEATHS,0,0
2,4,2008,0,4,GOA,2,TOTAL POISONING,0,0
340,426,2008,6,421,GUJARAT,81,ELECTROCUTION,2,8
217,850,2008,14,804,GUJARAT,587,GAS CYLINDER/STOVE BURST,30,44
3,3,2008,3,3,GUJARAT,0,FIRE-ARMS,10,13
1532,1718,2008,0,1712,GUJARAT,180,SUDDEN DEATHS(HEART ATTACKS),0,0
347,432,2008,0,432,GUJARAT,85,EPILEPTIC FITS/GIDDINESS,0,0
0,35,2008,0,35,GUJARAT,35,ABORTIONS/CHILD BIRTH,0,0
22,25,2008,0,25,GUJARAT,3,INFLUENCE OF ALCOHOL,0,0
282,473,2008,51,451,GUJARAT,169,FOOD POISIONING/ACCIDENTAL INTAKE OF INSECTICIDES ETC.,24,75
381,682,2008,26,617,GUJARAT,236,SNAKE BITE/ANIMAL BITE,38,64
234,382,2008,14,346,GUJARAT,112,OTHER,33,47
1003,1147,2008,0,1148,GUJARAT,145,OTHER RAILWAY ACCIDENTS,0,0
1640,1953,2008,36,1961,GUJARAT,321,TOTAL DROWNING,12,48
887,1091,2008,29,1078,GUJARAT,191,TOTAL FALLS,10,39
898,2752,2008,44,2697,GUJARAT,1799,TOTAL FIRE,86,130
1901,2210,2008,0,2204,GUJARAT,303,TOTAL SUDDEN DEATHS,0,0
1011,1687,2008,91,1564,GUJARAT,553,TOTAL POISONING,95,186
300,326,2008,0,326,HARYANA,26,ELECTROCUTION,0,0
41,125,2008,0,125,HARYANA,84,GAS CYLINDER/STOVE BURST,0,0
23,21,2008,0,25,HARYANA,2,FIRE-ARMS,0,0
416,453,2008,0,453,HARYANA,37,SUDDEN DEATHS(HEART ATTACKS),0,0
35,43,2008,0,43,HARYANA,8,EPILEPTIC FITS/GIDDINESS,0,0
0,19,2008,0,19,HARYANA,19,ABORTIONS/CHILD BIRTH,0,0
222,222,2008,0,222,HARYANA,0,INFLUENCE OF ALCOHOL,0,0
161,227,2008,0,229,HARYANA,68,FOOD POISIONING/ACCIDENTAL INTAKE OF INSECTICIDES ETC.,0,0
40,48,2008,0,48,HARYANA,8,SNAKE BITE/ANIMAL BITE,0,0
199,282,2008,0,282,HARYANA,83,OTHER,0,0
961,1081,2008,0,1081,HARYANA,120,OTHER RAILWAY ACCIDENTS,0,0
482,564,2008,0,565,HARYANA,83,TOTAL DROWNING,0,0
192,223,2008,0,223,HARYANA,31,TOTAL FALLS,0,0
184,378,2008,0,378,HARYANA,194,TOTAL FIRE,0,0
673,737,2008,0,737,HARYANA,64,TOTAL SUDDEN DEATHS,0,0
468,633,2008,0,635,HARYANA,167,TOTAL POISONING,0,0
16,17,2008,0,17,HIMACHAL PRADESH,1,ELECTROCUTION,0,0
1,13,2008,0,14,HIMACHAL PRADESH,13,GAS CYLINDER/STOVE BURST,0,0
2,5,2008,2,3,HIMACHAL PRADESH,1,FIRE-ARMS,0,2
115,123,2008,0,123,HIMACHAL PRADESH,8,SUDDEN DEATHS(HEART ATTACKS),0,0
2,4,2008,0,4,HIMACHAL PRADESH,2,EPILEPTIC FITS/GIDDINESS,0,0
0,3,2008,0,3,HIMACHAL PRADESH,3,ABORTIONS/CHILD BIRTH,0,0
91,88,2008,0,91,HIMACHAL PRADESH,0,INFLUENCE OF ALCOHOL,0,0
76,117,2008,1,137,HIMACHAL PRADESH,61,FOOD POISIONING/ACCIDENTAL INTAKE OF INSECTICIDES ETC.,6,7
9,11,2008,0,11,HIMACHAL PRADESH,2,SNAKE BITE/ANIMAL BITE,0,0
100,146,2008,0,146,HIMACHAL PRADESH,46,OTHER,0,0
19,22,2008,0,22,HIMACHAL PRADESH,3,OTHER RAILWAY ACCIDENTS,0,0
107,134,2008,0,143,HIMACHAL PRADESH,36,TOTAL DROWNING,0,0
257,281,2008,0,291,HIMACHAL PRADESH,34,TOTAL FALLS,0,0
37,73,2008,2,73,HIMACHAL PRADESH,36,TOTAL FIRE,0,2
208,218,2008,0,221,HIMACHAL PRADESH,13,TOTAL SUDDEN DEATHS,0,0
186,275,2008,1,295,HIMACHAL PRADESH,109,TOTAL POISONING,6,7
13,15,2008,0,14,JAMMU & KASHMIR,1,ELECTROCUTION,3,3
4,8,2008,0,8,JAMMU & KASHMIR,4,GAS CYLINDER/STOVE BURST,0,0
26,24,2008,8,26,JAMMU & KASHMIR,0,FIRE-ARMS,1,9
41,46,2008,0,49,JAMMU & KASHMIR,8,SUDDEN DEATHS(HEART ATTACKS),0,0
9,14,2008,0,14,JAMMU & KASHMIR,5,EPILEPTIC FITS/GIDDINESS,0,0
0,1,2008,0,1,JAMMU & KASHMIR,1,ABORTIONS/CHILD BIRTH,0,0
6,6,2008,0,6,JAMMU & KASHMIR,0,INFLUENCE OF ALCOHOL,0,0
9,19,2008,1,17,JAMMU & KASHMIR,8,FOOD POISIONING/ACCIDENTAL INTAKE OF INSECTICIDES ETC.,0,1
1,5,2008,1,1,JAMMU & KASHMIR,0,SNAKE BITE/ANIMAL BITE,3,4
22,63,2008,0,37,JAMMU & KASHMIR,15,OTHER,0,0
0,0,2008,0,0,JAMMU & KASHMIR,0,OTHER RAILWAY ACCIDENTS,0,0
20,32,2008,2,34,JAMMU & KASHMIR,14,TOTAL DROWNING,0,2
36,46,2008,1,46,JAMMU & KASHMIR,10,TOTAL FALLS,2,3
23,36,2008,0,36,JAMMU & KASHMIR,13,TOTAL FIRE,0,0
56,67,2008,0,70,JAMMU & KASHMIR,14,TOTAL SUDDEN DEATHS,0,0
35,89,2008,2,58,JAMMU & KASHMIR,23,TOTAL POISONING,3,5
55,75,2008,6,75,JHARKHAND,20,ELECTROCUTION,0,6
7,23,2008,0,24,JHARKHAND,17,GAS CYLINDER/STOVE BURST,2,2
1,1,2008,0,1,JHARKHAND,0,FIRE-ARMS,0,0
65,72,2008,2,78,JHARKHAND,13,SUDDEN DEATHS(HEART ATTACKS),0,2
16,20,2008,0,20,JHARKHAND,4,EPILEPTIC FITS/GIDDINESS,0,0
0,4,2008,0,4,JHARKHAND,4,ABORTIONS/CHILD BIRTH,0,0
56,60,2008,2,60,JHARKHAND,4,INFLUENCE OF ALCOHOL,0,2
124,200,2008,8,201,JHARKHAND,77,FOOD POISIONING/ACCIDENTAL INTAKE OF INSECTICIDES ETC.,2,10
13,25,2008,0,25,JHARKHAND,12,SNAKE BITE/ANIMAL BITE,1,1
10,15,2008,0,15,JHARKHAND,5,OTHER,0,0
395,477,2008,0,478,JHARKHAND,83,OTHER RAILWAY ACCIDENTS,0,0
238,303,2008,14,315,JHARKHAND,77,TOTAL DROWNING,5,19
88,119,2008,11,107,JHARKHAND,19,TOTAL FALLS,5,16
82,210,2008,7,199,JHARKHAND,117,TOTAL FIRE,9,16
137,156,2008,4,162,JHARKHAND,25,TOTAL SUDDEN DEATHS,0,4
163,260,2008,10,261,JHARKHAND,98,TOTAL POISONING,4,14
312,391,2008,11,388,KARNATAKA,76,ELECTROCUTION,0,11
71,277,2008,8,260,KARNATAKA,189,GAS CYLINDER/STOVE BURST,10,18
5,8,2008,0,7,KARNATAKA,2,FIRE-ARMS,0,0
552,645,2008,7,637,KARNATAKA,85,SUDDEN DEATHS(HEART ATTACKS),1,8
51,63,2008,0,63,KARNATAKA,12,EPILEPTIC FITS/GIDDINESS,0,0
0,10,2008,0,10,KARNATAKA,10,ABORTIONS/CHILD BIRTH,0,0
262,284,2008,0,283,KARNATAKA,21,INFLUENCE OF ALCOHOL,0,0
78,102,2008,0,104,KARNATAKA,26,FOOD POISIONING/ACCIDENTAL INTAKE OF INSECTICIDES ETC.,0,0
421,642,2008,5,658,KARNATAKA,237,SNAKE BITE/ANIMAL BITE,4,9
683,908,2008,114,856,KARNATAKA,173,OTHER,9,123
1226,1411,2008,0,1418,KARNATAKA,192,OTHER RAILWAY ACCIDENTS,0,0
1549,2090,2008,10,2173,KARNATAKA,624,TOTAL DROWNING,5,15
415,472,2008,10,462,KARNATAKA,47,TOTAL FALLS,2,12
582,1614,2008,11,1587,KARNATAKA,1005,TOTAL FIRE,16,27
865,1002,2008,7,993,KARNATAKA,128,TOTAL SUDDEN DEATHS,1,8
1338,1865,2008,119,1838,KARNATAKA,500,TOTAL POISONING,13,132
170,193,2008,15,198,KERALA,28,ELECTROCUTION,0,15
6,27,2008,1,28,KERALA,22,GAS CYLINDER/STOVE BURST,0,1
1,1,2008,0,1,KERALA,0,FIRE-ARMS,0,0
1153,1327,2008,0,1327,KERALA,174,SUDDEN DEATHS(HEART ATTACKS),0,0
79,95,2008,0,95,KERALA,16,EPILEPTIC FITS/GIDDINESS,0,0
0,14,2008,0,14,KERALA,14,ABORTIONS/CHILD BIRTH,0,0
92,96,2008,0,96,KERALA,4,INFLUENCE OF ALCOHOL,0,0
6,11,2008,1,11,KERALA,5,FOOD POISIONING/ACCIDENTAL INTAKE OF INSECTICIDES ETC.,1,2
55,73,2008,0,73,KERALA,18,SNAKE BITE/ANIMAL BITE,0,0
13,18,2008,1,19,KERALA,6,OTHER,0,1
432,513,2008,0,516,KERALA,84,OTHER RAILWAY ACCIDENTS,0,0
1368,1629,2008,0,1683,KERALA,315,TOTAL DROWNING,0,0
623,665,2008,0,667,KERALA,44,TOTAL FALLS,0,0
121,302,2008,6,306,KERALA,185,TOTAL FIRE,2,8
1324,1532,2008,0,1532,KERALA,208,TOTAL SUDDEN DEATHS,0,0
74,102,2008,2,103,KERALA,29,TOTAL POISONING,1,3
992,1195,2008,39,1178,MADHYA PRADESH,186,ELECTROCUTION,5,44
36,167,2008,13,155,MADHYA PRADESH,119,GAS CYLINDER/STOVE BURST,27,40
73,81,2008,12,81,MADHYA PRADESH,8,FIRE-ARMS,2,14
771,948,2008,0,948,MADHYA PRADESH,177,SUDDEN DEATHS(HEART ATTACKS),0,0
208,270,2008,0,270,MADHYA PRADESH,62,EPILEPTIC FITS/GIDDINESS,0,0
0,143,2008,0,143,MADHYA PRADESH,143,ABORTIONS/CHILD BIRTH,0,0
355,362,2008,0,362,MADHYA PRADESH,7,INFLUENCE OF ALCOHOL,0,0
1136,2112,2008,41,2093,MADHYA PRADESH,957,FOOD POISIONING/ACCIDENTAL INTAKE OF INSECTICIDES ETC.,15,56
1167,2033,2008,7,2033,MADHYA PRADESH,866,SNAKE BITE/ANIMAL BITE,5,12
281,489,2008,0,504,MADHYA PRADESH,223,OTHER,0,0
1343,1599,2008,0,1599,MADHYA PRADESH,256,OTHER RAILWAY ACCIDENTS,0,0
2515,3794,2008,49,3798,MADHYA PRADESH,1283,TOTAL DROWNING,29,78
719,910,2008,43,897,MADHYA PRADESH,178,TOTAL FALLS,8,51
997,2925,2008,90,2773,MADHYA PRADESH,1776,TOTAL FIRE,101,191
1334,1723,2008,0,1723,MADHYA PRADESH,389,TOTAL SUDDEN DEATHS,0,0
2626,4685,2008,48,4681,MADHYA PRADESH,2055,TOTAL POISONING,20,68
914,1188,2008,82,1098,MAHARASHTRA,184,ELECTROCUTION,20,102
61,300,2008,4,290,MAHARASHTRA,229,GAS CYLINDER/STOVE BURST,7,11
6,6,2008,0,6,MAHARASHTRA,0,FIRE-ARMS,0,0
4520,8539,2008,1925,5263,MAHARASHTRA,743,SUDDEN DEATHS(HEART ATTACKS),1356,3281
1057,1714,2008,249,1348,MAHARASHTRA,291,EPILEPTIC FITS/GIDDINESS,117,366
0,403,2008,0,373,MAHARASHTRA,373,ABORTIONS/CHILD BIRTH,30,30
1346,1649,2008,296,1358,MAHARASHTRA,12,INFLUENCE OF ALCOHOL,2,298
955,3055,2008,1059,1390,MAHARASHTRA,435,FOOD POISIONING/ACCIDENTAL INTAKE OF INSECTICIDES ETC.,762,1821
725,2512,2008,897,1155,MAHARASHTRA,430,SNAKE BITE/ANIMAL BITE,466,1363
28,54,2008,9,38,MAHARASHTRA,10,OTHER,8,17
4484,8420,2008,2948,5061,MAHARASHTRA,577,OTHER RAILWAY ACCIDENTS,423,3371
3680,4988,2008,53,5052,MAHARASHTRA,1372,TOTAL DROWNING,26,79
1921,3687,2008,1159,2279,MAHARASHTRA,358,TOTAL FALLS,266,1425
1390,7022,2008,603,5449,MAHARASHTRA,4059,TOTAL FIRE,1020,1623
6923,12305,2008,2470,8342,MAHARASHTRA,1419,TOTAL SUDDEN DEATHS,1505,3975
1748,5652,2008,2038,2635,MAHARASHTRA,887,TOTAL POISONING,1238,3276
7,8,2008,0,9,MANIPUR,2,ELECTROCUTION,0,0
0,0,2008,0,0,MANIPUR,0,GAS CYLINDER/STOVE BURST,0,0
3,3,2008,0,3,MANIPUR,0,FIRE-ARMS,0,0
13,14,2008,0,14,MANIPUR,1,SUDDEN DEATHS(HEART ATTACKS),0,0
0,0,2008,0,0,MANIPUR,0,EPILEPTIC FITS/GIDDINESS,0,0
0,1,2008,0,1,MANIPUR,1,ABORTIONS/CHILD BIRTH,0,0
0,0,2008,0,0,MANIPUR,0,INFLUENCE OF ALCOHOL,0,0
0,0,2008,0,0,MANIPUR,0,FOOD POISIONING/ACCIDENTAL INTAKE OF INSECTICIDES ETC.,0,0
0,0,2008,0,0,MANIPUR,0,SNAKE BITE/ANIMAL BITE,0,0
2,3,2008,0,3,MANIPUR,1,OTHER,0,0
0,0,2008,0,0,MANIPUR,0,OTHER RAILWAY ACCIDENTS,0,0
7,8,2008,0,8,MANIPUR,1,TOTAL DROWNING,0,0
8,9,2008,0,9,MANIPUR,1,TOTAL FALLS,0,0
1,2,2008,0,3,MANIPUR,2,TOTAL FIRE,0,0
13,15,2008,0,15,MANIPUR,2,TOTAL SUDDEN DEATHS,0,0
2,3,2008,0,3,MANIPUR,1,TOTAL POISONING,0,0
6,9,2008,0,9,MEGHALAYA,3,ELECTROCUTION,0,0
3,10,2008,0,10,MEGHALAYA,7,GAS CYLINDER/STOVE BURST,0,0
3,3,2008,2,3,MEGHALAYA,0,FIRE-ARMS,0,2
4,6,2008,0,6,MEGHALAYA,2,SUDDEN DEATHS(HEART ATTACKS),0,0
10,14,2008,0,14,MEGHALAYA,4,EPILEPTIC FITS/GIDDINESS,0,0
0,4,2008,0,4,MEGHALAYA,4,ABORTIONS/CHILD BIRTH,0,0
4,4,2008,0,4,MEGHALAYA,0,INFLUENCE OF ALCOHOL,0,0
0,0,2008,0,0,MEGHALAYA,0,FOOD POISIONING/ACCIDENTAL INTAKE OF INSECTICIDES ETC.,0,0
0,0,2008,0,0,MEGHALAYA,0,SNAKE BITE/ANIMAL BITE,0,0
53,55,2008,0,55,MEGHALAYA,2,OTHER,0,0
0,0,2008,0,0,MEGHALAYA,0,OTHER RAILWAY ACCIDENTS,0,0
22,26,2008,0,28,MEGHALAYA,6,TOTAL DROWNING,0,0
12,11,2008,0,12,MEGHALAYA,0,TOTAL FALLS,0,0
5,14,2008,0,14,MEGHALAYA,9,TOTAL FIRE,0,0
18,28,2008,0,28,MEGHALAYA,10,TOTAL SUDDEN DEATHS,0,0
53,55,2008,0,55,MEGHALAYA,2,TOTAL POISONING,0,0
3,3,2008,0,3,MIZORAM,0,ELECTROCUTION,0,0
0,0,2008,0,0,MIZORAM,0,GAS CYLINDER/STOVE BURST,0,0
1,1,2008,0,1,MIZORAM,0,FIRE-ARMS,0,0
2,3,2008,1,2,MIZORAM,0,SUDDEN DEATHS(HEART ATTACKS),0,1
0,0,2008,0,0,MIZORAM,0,EPILEPTIC FITS/GIDDINESS,0,0
0,0,2008,0,0,MIZORAM,0,ABORTIONS/CHILD BIRTH,0,0
0,0,2008,0,0,MIZORAM,0,INFLUENCE OF ALCOHOL,0,0
0,0,2008,0,0,MIZORAM,0,FOOD POISIONING/ACCIDENTAL INTAKE OF INSECTICIDES ETC.,0,0
0,0,2008,0,0,MIZORAM,0,SNAKE BITE/ANIMAL BITE,0,0
0,0,2008,0,0,MIZORAM,0,OTHER,0,0
0,0,2008,0,0,MIZORAM,0,OTHER RAILWAY ACCIDENTS,0,0
15,19,2008,0,21,MIZORAM,6,TOTAL DROWNING,0,0
13,14,2008,0,14,MIZORAM,1,TOTAL FALLS,0,0
3,3,2008,0,5,MIZORAM,2,TOTAL FIRE,0,0
2,3,2008,1,2,MIZORAM,0,TOTAL SUDDEN DEATHS,0,1
4,2,2008,0,4,MIZORAM,0,TOTAL POISONING,0,0
4,4,2008,0,4,NAGALAND,0,ELECTROCUTION,0,0
0,0,2008,0,0,NAGALAND,0,GAS CYLINDER/STOVE BURST,0,0
18,10,2008,2,18,NAGALAND,0,FIRE-ARMS,0,2
4,4,2008,0,4,NAGALAND,0,SUDDEN DEATHS(HEART ATTACKS),0,0
0,0,2008,0,0,NAGALAND,0,EPILEPTIC FITS/GIDDINESS,0,0
0,0,2008,0,0,NAGALAND,0,ABORTIONS/CHILD BIRTH,0,0
0,0,2008,0,0,NAGALAND,0,INFLUENCE OF ALCOHOL,0,0
0,0,2008,0,0,NAGALAND,0,FOOD POISIONING/ACCIDENTAL INTAKE OF INSECTICIDES ETC.,0,0
0,0,2008,0,0,NAGALAND,0,SNAKE BITE/ANIMAL BITE,0,0
0,0,2008,0,0,NAGALAND,0,OTHER,0,0
8,10,2008,0,10,NAGALAND,2,OTHER RAILWAY ACCIDENTS,0,0
12,12,2008,0,12,NAGALAND,0,TOTAL DROWNING,0,0
10,2,2008,0,10,NAGALAND,0,TOTAL FALLS,0,0
4,8,2008,0,8,NAGALAND,4,TOTAL FIRE,0,0
4,4,2008,0,4,NAGALAND,0,TOTAL SUDDEN DEATHS,0,0
0,0,2008,0,0,NAGALAND,0,TOTAL POISONING,0,0
136,164,2008,0,166,ODISHA,30,ELECTROCUTION,0,0
1,7,2008,1,7,ODISHA,6,GAS CYLINDER/STOVE BURST,0,1
3,3,2008,2,3,ODISHA,0,FIRE-ARMS,0,2
118,155,2008,1,155,ODISHA,37,SUDDEN DEATHS(HEART ATTACKS),0,1
20,29,2008,0,29,ODISHA,9,EPILEPTIC FITS/GIDDINESS,0,0
0,6,2008,0,6,ODISHA,6,ABORTIONS/CHILD BIRTH,0,0
43,47,2008,3,48,ODISHA,5,INFLUENCE OF ALCOHOL,0,3
43,66,2008,0,66,ODISHA,23,FOOD POISIONING/ACCIDENTAL INTAKE OF INSECTICIDES ETC.,0,0
326,477,2008,44,478,ODISHA,152,SNAKE BITE/ANIMAL BITE,19,63
213,316,2008,18,317,ODISHA,104,OTHER,6,24
21,25,2008,0,25,ODISHA,4,OTHER RAILWAY ACCIDENTS,0,0
501,664,2008,15,679,ODISHA,178,TOTAL DROWNING,3,18
309,388,2008,44,389,ODISHA,80,TOTAL FALLS,14,58
183,423,2008,58,423,ODISHA,240,TOTAL FIRE,152,210
181,237,2008,4,238,ODISHA,57,TOTAL SUDDEN DEATHS,0,4
587,861,2008,62,866,ODISHA,279,TOTAL POISONING,25,87
274,268,2008,0,289,PUNJAB,15,ELECTROCUTION,0,0
37,151,2008,0,150,PUNJAB,113,GAS CYLINDER/STOVE BURST,0,0
33,24,2008,0,38,PUNJAB,5,FIRE-ARMS,0,0
450,453,2008,0,490,PUNJAB,40,SUDDEN DEATHS(HEART ATTACKS),0,0
60,68,2008,0,68,PUNJAB,8,EPILEPTIC FITS/GIDDINESS,0,0
0,11,2008,0,3,PUNJAB,3,ABORTIONS/CHILD BIRTH,0,0
194,176,2008,0,201,PUNJAB,7,INFLUENCE OF ALCOHOL,0,0
206,257,2008,0,284,PUNJAB,78,FOOD POISIONING/ACCIDENTAL INTAKE OF INSECTICIDES ETC.,0,0
35,43,2008,0,45,PUNJAB,10,SNAKE BITE/ANIMAL BITE,0,0
159,187,2008,0,206,PUNJAB,47,OTHER,0,0
756,860,2008,0,860,PUNJAB,104,OTHER RAILWAY ACCIDENTS,0,0
487,518,2008,0,557,PUNJAB,70,TOTAL DROWNING,0,0
176,159,2008,0,182,PUNJAB,6,TOTAL FALLS,0,0
175,370,2008,0,385,PUNJAB,210,TOTAL FIRE,0,0
704,708,2008,0,762,PUNJAB,58,TOTAL SUDDEN DEATHS,0,0
582,689,2008,0,774,PUNJAB,192,TOTAL POISONING,0,0
545,593,2008,18,598,RAJASTHAN,53,ELECTROCUTION,3,21
41,120,2008,2,118,RAJASTHAN,77,GAS CYLINDER/STOVE BURST,1,3
3,3,2008,0,3,RAJASTHAN,0,FIRE-ARMS,0,0
417,506,2008,4,500,RAJASTHAN,83,SUDDEN DEATHS(HEART ATTACKS),2,6
45,58,2008,0,58,RAJASTHAN,13,EPILEPTIC FITS/GIDDINESS,0,0
0,22,2008,0,22,RAJASTHAN,22,ABORTIONS/CHILD BIRTH,0,0
204,202,2008,0,204,RAJASTHAN,0,INFLUENCE OF ALCOHOL,0,0
578,800,2008,1,805,RAJASTHAN,227,FOOD POISIONING/ACCIDENTAL INTAKE OF INSECTICIDES ETC.,0,1
191,298,2008,4,298,RAJASTHAN,107,SNAKE BITE/ANIMAL BITE,1,5
413,556,2008,0,561,RAJASTHAN,148,OTHER,0,0
284,324,2008,0,325,RAJASTHAN,41,OTHER RAILWAY ACCIDENTS,0,0
1042,1362,2008,3,1403,RAJASTHAN,361,TOTAL DROWNING,3,6
493,576,2008,2,574,RAJASTHAN,81,TOTAL FALLS,0,2
314,747,2008,15,750,RAJASTHAN,436,TOTAL FIRE,11,26
666,788,2008,4,784,RAJASTHAN,118,TOTAL SUDDEN DEATHS,2,6
1211,1661,2008,5,1693,RAJASTHAN,482,TOTAL POISONING,1,6
1,1,2008,0,1,SIKKIM,0,ELECTROCUTION,0,0
0,0,2008,0,0,SIKKIM,0,GAS CYLINDER/STOVE BURST,0,0
0,0,2008,0,0,SIKKIM,0,FIRE-ARMS,0,0
1,1,2008,0,1,SIKKIM,0,SUDDEN DEATHS(HEART ATTACKS),0,0
0,0,2008,0,0,SIKKIM,0,EPILEPTIC FITS/GIDDINESS,0,0
0,0,2008,0,0,SIKKIM,0,ABORTIONS/CHILD BIRTH,0,0
3,3,2008,0,3,SIKKIM,0,INFLUENCE OF ALCOHOL,0,0
2,4,2008,0,4,SIKKIM,2,FOOD POISIONING/ACCIDENTAL INTAKE OF INSECTICIDES ETC.,0,0
0,0,2008,0,0,SIKKIM,0,SNAKE BITE/ANIMAL BITE,0,0
0,0,2008,0,0,SIKKIM,0,OTHER,0,0
0,0,2008,0,0,SIKKIM,0,OTHER RAILWAY ACCIDENTS,0,0
3,6,2008,0,6,SIKKIM,3,TOTAL DROWNING,0,0
5,9,2008,0,9,SIKKIM,4,TOTAL FALLS,0,0
2,6,2008,0,6,SIKKIM,4,TOTAL FIRE,0,0
4,4,2008,0,4,SIKKIM,0,TOTAL SUDDEN DEATHS,0,0
2,4,2008,0,4,SIKKIM,2,TOTAL POISONING,0,0
285,266,2008,42,354,TAMIL NADU,69,ELECTROCUTION,13,55
75,413,2008,8,571,TAMIL NADU,496,GAS CYLINDER/STOVE BURST,58,66
0,0,2008,0,0,TAMIL NADU,0,FIRE-ARMS,0,0
485,510,2008,0,510,TAMIL NADU,25,SUDDEN DEATHS(HEART ATTACKS),0,0
55,66,2008,1,65,TAMIL NADU,10,EPILEPTIC FITS/GIDDINESS,0,1
0,6,2008,0,6,TAMIL NADU,6,ABORTIONS/CHILD BIRTH,0,0
66,66,2008,0,66,TAMIL NADU,0,INFLUENCE OF ALCOHOL,0,0
235,269,2008,0,269,TAMIL NADU,34,FOOD POISIONING/ACCIDENTAL INTAKE OF INSECTICIDES ETC.,0,0
319,419,2008,0,419,TAMIL NADU,100,SNAKE BITE/ANIMAL BITE,0,0
847,1087,2008,0,1087,TAMIL NADU,240,OTHER,0,0
1400,1572,2008,0,1662,TAMIL NADU,262,OTHER RAILWAY ACCIDENTS,0,0
1030,922,2008,66,1359,TAMIL NADU,329,TOTAL DROWNING,19,85
320,368,2008,23,339,TAMIL NADU,19,TOTAL FALLS,6,29
535,1301,2008,56,1919,TAMIL NADU,1384,TOTAL FIRE,151,207
606,648,2008,1,647,TAMIL NADU,41,TOTAL SUDDEN DEATHS,0,1
1507,1891,2008,0,1891,TAMIL NADU,384,TOTAL POISONING,0,0
28,33,2008,0,33,TRIPURA,5,ELECTROCUTION,0,0
0,0,2008,0,0,TRIPURA,0,GAS CYLINDER/STOVE BURST,0,0
1,1,2008,0,1,TRIPURA,0,FIRE-ARMS,0,0
41,56,2008,0,56,TRIPURA,15,SUDDEN DEATHS(HEART ATTACKS),0,0
2,3,2008,0,3,TRIPURA,1,EPILEPTIC FITS/GIDDINESS,0,0
0,0,2008,0,0,TRIPURA,0,ABORTIONS/CHILD BIRTH,0,0
8,10,2008,0,10,TRIPURA,2,INFLUENCE OF ALCOHOL,0,0
1,2,2008,0,2,TRIPURA,1,FOOD POISIONING/ACCIDENTAL INTAKE OF INSECTICIDES ETC.,0,0
0,0,2008,0,0,TRIPURA,0,SNAKE BITE/ANIMAL BITE,0,0
0,0,2008,0,0,TRIPURA,0,OTHER,0,0
0,0,2008,0,0,TRIPURA,0,OTHER RAILWAY ACCIDENTS,0,0
33,47,2008,0,48,TRIPURA,15,TOTAL DROWNING,0,0
14,16,2008,0,16,TRIPURA,2,TOTAL FALLS,0,0
10,19,2008,0,19,TRIPURA,9,TOTAL FIRE,0,0
51,69,2008,0,69,TRIPURA,18,TOTAL SUDDEN DEATHS,0,0
2,3,2008,0,3,TRIPURA,1,TOTAL POISONING,0,0
485,578,2008,62,556,UTTAR PRADESH,71,ELECTROCUTION,5,67
26,145,2008,16,157,UTTAR PRADESH,131,GAS CYLINDER/STOVE BURST,20,36
1061,1489,2008,537,1197,UTTAR PRADESH,136,FIRE-ARMS,87,624
243,315,2008,7,303,UTTAR PRADESH,60,SUDDEN DEATHS(HEART ATTACKS),4,11
52,66,2008,5,67,UTTAR PRADESH,15,EPILEPTIC FITS/GIDDINESS,2,7
0,91,2008,0,91,UTTAR PRADESH,91,ABORTIONS/CHILD BIRTH,0,0
177,174,2008,15,178,UTTAR PRADESH,1,INFLUENCE OF ALCOHOL,0,15
308,472,2008,28,522,UTTAR PRADESH,214,FOOD POISIONING/ACCIDENTAL INTAKE OF INSECTICIDES ETC.,16,44
77,104,2008,7,100,UTTAR PRADESH,23,SNAKE BITE/ANIMAL BITE,4,11
184,259,2008,33,255,UTTAR PRADESH,71,OTHER,13,46
2431,3027,2008,156,2897,UTTAR PRADESH,466,OTHER RAILWAY ACCIDENTS,51,207
977,1224,2008,71,1328,UTTAR PRADESH,351,TOTAL DROWNING,23,94
309,377,2008,25,369,UTTAR PRADESH,60,TOTAL FALLS,5,30
396,1092,2008,75,1127,UTTAR PRADESH,731,TOTAL FIRE,60,135
472,646,2008,27,639,UTTAR PRADESH,167,TOTAL SUDDEN DEATHS,6,33
646,916,2008,79,965,UTTAR PRADESH,319,TOTAL POISONING,33,112
26,33,2008,1,32,UTTARAKHAND,6,ELECTROCUTION,1,2
0,13,2008,0,13,UTTARAKHAND,13,GAS CYLINDER/STOVE BURST,1,1
14,6,2008,2,17,UTTARAKHAND,3,FIRE-ARMS,0,2
77,85,2008,1,85,UTTARAKHAND,8,SUDDEN DEATHS(HEART ATTACKS),0,1
9,9,2008,0,9,UTTARAKHAND,0,EPILEPTIC FITS/GIDDINESS,0,0
0,5,2008,0,5,UTTARAKHAND,5,ABORTIONS/CHILD BIRTH,0,0
47,44,2008,0,47,UTTARAKHAND,0,INFLUENCE OF ALCOHOL,0,0
102,152,2008,0,174,UTTARAKHAND,72,FOOD POISIONING/ACCIDENTAL INTAKE OF INSECTICIDES ETC.,0,0
3,3,2008,0,3,UTTARAKHAND,0,SNAKE BITE/ANIMAL BITE,0,0
6,6,2008,0,6,UTTARAKHAND,0,OTHER,0,0
22,24,2008,0,24,UTTARAKHAND,2,OTHER RAILWAY ACCIDENTS,0,0
162,181,2008,0,197,UTTARAKHAND,35,TOTAL DROWNING,0,0
66,82,2008,2,82,UTTARAKHAND,16,TOTAL FALLS,5,7
32,75,2008,2,77,UTTARAKHAND,45,TOTAL FIRE,2,4
133,143,2008,1,146,UTTARAKHAND,13,TOTAL SUDDEN DEATHS,0,1
111,161,2008,0,183,UTTARAKHAND,72,TOTAL POISONING,0,0
46,75,2008,21,57,WEST BENGAL,11,ELECTROCUTION,3,24
1,45,2008,11,16,WEST BENGAL,15,GAS CYLINDER/STOVE BURST,16,27
37,54,2008,29,40,WEST BENGAL,3,FIRE-ARMS,3,32
359,779,2008,138,577,WEST BENGAL,218,SUDDEN DEATHS(HEART ATTACKS),66,204
0,6,2008,0,6,WEST BENGAL,6,EPILEPTIC FITS/GIDDINESS,0,0
0,28,2008,0,27,WEST BENGAL,27,ABORTIONS/CHILD BIRTH,1,1
58,128,2008,74,78,WEST BENGAL,20,INFLUENCE OF ALCOHOL,0,74
30,70,2008,15,50,WEST BENGAL,20,FOOD POISIONING/ACCIDENTAL INTAKE OF INSECTICIDES ETC.,14,29
126,322,2008,85,202,WEST BENGAL,76,SNAKE BITE/ANIMAL BITE,57,142
414,846,2008,50,802,WEST BENGAL,388,OTHER,33,83
1507,1890,2008,0,1890,WEST BENGAL,383,OTHER RAILWAY ACCIDENTS,0,0
401,546,2008,62,560,WEST BENGAL,159,TOTAL DROWNING,24,86
77,105,2008,21,107,WEST BENGAL,30,TOTAL FALLS,8,29
130,714,2008,129,543,WEST BENGAL,413,TOTAL FIRE,56,185
417,941,2008,212,688,WEST BENGAL,271,TOTAL SUDDEN DEATHS,67,279
763,1633,2008,215,1405,WEST BENGAL,642,TOTAL POISONING,136,351
0,1,2008,0,1,A & N ISLANDS,1,ELECTROCUTION,0,0
2,12,2008,0,12,A & N ISLANDS,10,GAS CYLINDER/STOVE BURST,0,0
0,0,2008,0,0,A & N ISLANDS,0,FIRE-ARMS,0,0
15,17,2008,0,17,A & N ISLANDS,2,SUDDEN DEATHS(HEART ATTACKS),0,0
0,0,2008,0,0,A & N ISLANDS,0,EPILEPTIC FITS/GIDDINESS,0,0
0,0,2008,0,0,A & N ISLANDS,0,ABORTIONS/CHILD BIRTH,0,0
0,0,2008,0,0,A & N ISLANDS,0,INFLUENCE OF ALCOHOL,0,0
0,0,2008,0,0,A & N ISLANDS,0,FOOD POISIONING/ACCIDENTAL INTAKE OF INSECTICIDES ETC.,0,0
0,0,2008,0,0,A & N ISLANDS,0,SNAKE BITE/ANIMAL BITE,0,0
13,7,2008,0,15,A & N ISLANDS,2,OTHER,0,0
0,0,2008,0,0,A & N ISLANDS,0,OTHER RAILWAY ACCIDENTS,0,0
26,26,2008,0,26,A & N ISLANDS,0,TOTAL DROWNING,0,0
25,26,2008,0,26,A & N ISLANDS,1,TOTAL FALLS,0,0
2,12,2008,0,12,A & N ISLANDS,10,TOTAL FIRE,0,0
15,17,2008,0,17,A & N ISLANDS,2,TOTAL SUDDEN DEATHS,0,0
13,7,2008,0,15,A & N ISLANDS,2,TOTAL POISONING,0,0
7,9,2008,0,9,CHANDIGARH,2,ELECTROCUTION,0,0
2,10,2008,0,10,CHANDIGARH,8,GAS CYLINDER/STOVE BURST,0,0
2,2,2008,0,2,CHANDIGARH,0,FIRE-ARMS,0,0
25,26,2008,0,26,CHANDIGARH,1,SUDDEN DEATHS(HEART ATTACKS),0,0
3,3,2008,0,3,CHANDIGARH,0,EPILEPTIC FITS/GIDDINESS,0,0
0,0,2008,0,0,CHANDIGARH,0,ABORTIONS/CHILD BIRTH,0,0
23,23,2008,0,23,CHANDIGARH,0,INFLUENCE OF ALCOHOL,0,0
4,7,2008,0,7,CHANDIGARH,3,FOOD POISIONING/ACCIDENTAL INTAKE OF INSECTICIDES ETC.,0,0
1,1,2008,0,1,CHANDIGARH,0,SNAKE BITE/ANIMAL BITE,0,0
1,1,2008,0,1,CHANDIGARH,0,OTHER,0,0
0,0,2008,0,0,CHANDIGARH,0,OTHER RAILWAY ACCIDENTS,0,0
7,8,2008,0,8,CHANDIGARH,1,TOTAL DROWNING,0,0
21,22,2008,0,22,CHANDIGARH,1,TOTAL FALLS,0,0
6,20,2008,0,20,CHANDIGARH,14,TOTAL FIRE,0,0
51,52,2008,0,52,CHANDIGARH,1,TOTAL SUDDEN DEATHS,0,0
6,9,2008,0,9,CHANDIGARH,3,TOTAL POISONING,0,0
10,10,2008,0,10,D & N HAVELI,0,ELECTROCUTION,0,0
0,0,2008,0,0,D & N HAVELI,0,GAS CYLINDER/STOVE BURST,0,0
0,0,2008,0,0,D & N HAVELI,0,FIRE-ARMS,0,0
11,13,2008,0,13,D & N HAVELI,2,SUDDEN DEATHS(HEART ATTACKS),0,0
2,2,2008,0,2,D & N HAVELI,0,EPILEPTIC FITS/GIDDINESS,0,0
0,3,2008,0,3,D & N HAVELI,3,ABORTIONS/CHILD BIRTH,0,0
10,10,2008,0,10,D & N HAVELI,0,INFLUENCE OF ALCOHOL,0,0
0,0,2008,0,0,D & N HAVELI,0,FOOD POISIONING/ACCIDENTAL INTAKE OF INSECTICIDES ETC.,0,0
3,3,2008,0,3,D & N HAVELI,0,SNAKE BITE/ANIMAL BITE,0,0
0,0,2008,0,0,D & N HAVELI,0,OTHER,0,0
0,0,2008,0,0,D & N HAVELI,0,OTHER RAILWAY ACCIDENTS,0,0
20,21,2008,0,21,D & N HAVELI,1,TOTAL DROWNING,0,0
16,21,2008,2,19,D & N HAVELI,3,TOTAL FALLS,0,2
2,11,2008,0,11,D & N HAVELI,9,TOTAL FIRE,0,0
23,28,2008,0,28,D & N HAVELI,5,TOTAL SUDDEN DEATHS,0,0
3,3,2008,0,3,D & N HAVELI,0,TOTAL POISONING,0,0
3,2,2008,0,3,DAMAN & DIU,0,ELECTROCUTION,0,0
1,1,2008,7,1,DAMAN & DIU,0,GAS CYLINDER/STOVE BURST,0,7
0,0,2008,0,0,DAMAN & DIU,0,FIRE-ARMS,0,0
6,7,2008,0,7,DAMAN & DIU,1,SUDDEN DEATHS(HEART ATTACKS),0,0
4,4,2008,0,4,DAMAN & DIU,0,EPILEPTIC FITS/GIDDINESS,0,0
0,0,2008,0,0,DAMAN & DIU,0,ABORTIONS/CHILD BIRTH,0,0
0,0,2008,0,0,DAMAN & DIU,0,INFLUENCE OF ALCOHOL,0,0
0,0,2008,0,0,DAMAN & DIU,0,FOOD POISIONING/ACCIDENTAL INTAKE OF INSECTICIDES ETC.,0,0
0,0,2008,0,0,DAMAN & DIU,0,SNAKE BITE/ANIMAL BITE,0,0
0,0,2008,0,0,DAMAN & DIU,0,OTHER,0,0
0,0,2008,0,0,DAMAN & DIU,0,OTHER RAILWAY ACCIDENTS,0,0
11,8,2008,0,12,DAMAN & DIU,1,TOTAL DROWNING,0,0
4,4,2008,0,4,DAMAN & DIU,0,TOTAL FALLS,0,0
3,6,2008,7,6,DAMAN & DIU,3,TOTAL FIRE,0,7
10,11,2008,0,11,DAMAN & DIU,1,TOTAL SUDDEN DEATHS,0,0
0,0,2008,0,0,DAMAN & DIU,0,TOTAL POISONING,0,0
150,184,2008,11,184,DELHI(UT),34,ELECTROCUTION,0,11
19,77,2008,12,81,DELHI(UT),62,GAS CYLINDER/STOVE BURST,0,12
29,55,2008,25,35,DELHI(UT),6,FIRE-ARMS,3,28
190,207,2008,2,207,DELHI(UT),17,SUDDEN DEATHS(HEART ATTACKS),0,2
14,14,2008,0,21,DELHI(UT),7,EPILEPTIC FITS/GIDDINESS,0,0
0,16,2008,0,16,DELHI(UT),16,ABORTIONS/CHILD BIRTH,0,0
111,108,2008,0,113,DELHI(UT),2,INFLUENCE OF ALCOHOL,0,0
32,52,2008,4,53,DELHI(UT),21,FOOD POISIONING/ACCIDENTAL INTAKE OF INSECTICIDES ETC.,4,8
8,14,2008,2,12,DELHI(UT),4,SNAKE BITE/ANIMAL BITE,0,2
125,164,2008,0,179,DELHI(UT),54,OTHER,0,0
883,1099,2008,107,979,DELHI(UT),96,OTHER RAILWAY ACCIDENTS,13,120
122,124,2008,0,136,DELHI(UT),14,TOTAL DROWNING,0,0
283,355,2008,24,359,DELHI(UT),76,TOTAL FALLS,1,25
159,334,2008,34,356,DELHI(UT),197,TOTAL FIRE,4,38
315,345,2008,2,357,DELHI(UT),42,TOTAL SUDDEN DEATHS,0,2
168,238,2008,6,252,DELHI(UT),84,TOTAL POISONING,4,10
0,0,2008,0,0,LAKSHADWEEP,0,ELECTROCUTION,0,0
0,0,2008,0,0,LAKSHADWEEP,0,GAS CYLINDER/STOVE BURST,0,0
0,0,2008,0,0,LAKSHADWEEP,0,FIRE-ARMS,0,0
0,0,2008,0,0,LAKSHADWEEP,0,SUDDEN DEATHS(HEART ATTACKS),0,0
0,0,2008,0,0,LAKSHADWEEP,0,EPILEPTIC FITS/GIDDINESS,0,0
0,0,2008,0,0,LAKSHADWEEP,0,ABORTIONS/CHILD BIRTH,0,0
0,0,2008,0,0,LAKSHADWEEP,0,INFLUENCE OF ALCOHOL,0,0
0,0,2008,0,0,LAKSHADWEEP,0,FOOD POISIONING/ACCIDENTAL INTAKE OF INSECTICIDES ETC.,0,0
0,0,2008,0,0,LAKSHADWEEP,0,SNAKE BITE/ANIMAL BITE,0,0
0,0,2008,0,0,LAKSHADWEEP,0,OTHER,0,0
0,0,2008,0,0,LAKSHADWEEP,0,OTHER RAILWAY ACCIDENTS,0,0
1,1,2008,0,1,LAKSHADWEEP,0,TOTAL DROWNING,0,0
0,0,2008,0,0,LAKSHADWEEP,0,TOTAL FALLS,0,0
2,2,2008,0,2,LAKSHADWEEP,0,TOTAL FIRE,0,0
0,0,2008,0,0,LAKSHADWEEP,0,TOTAL SUDDEN DEATHS,0,0
0,0,2008,0,0,LAKSHADWEEP,0,TOTAL POISONING,0,0
19,27,2008,6,24,PUDUCHERRY,5,ELECTROCUTION,0,6
1,1,2008,0,1,PUDUCHERRY,0,GAS CYLINDER/STOVE BURST,0,0
0,0,2008,0,0,PUDUCHERRY,0,FIRE-ARMS,0,0
33,35,2008,0,35,PUDUCHERRY,2,SUDDEN DEATHS(HEART ATTACKS),0,0
236,264,2008,0,264,PUDUCHERRY,28,EPILEPTIC FITS/GIDDINESS,0,0
0,1,2008,0,1,PUDUCHERRY,1,ABORTIONS/CHILD BIRTH,0,0
261,267,2008,0,267,PUDUCHERRY,6,INFLUENCE OF ALCOHOL,0,0
0,1,2008,10,0,PUDUCHERRY,0,FOOD POISIONING/ACCIDENTAL INTAKE OF INSECTICIDES ETC.,0,10
9,16,2008,0,16,PUDUCHERRY,7,SNAKE BITE/ANIMAL BITE,0,0
8,11,2008,0,11,PUDUCHERRY,3,OTHER,0,0
0,0,2008,0,0,PUDUCHERRY,0,OTHER RAILWAY ACCIDENTS,0,0
91,95,2008,0,95,PUDUCHERRY,4,TOTAL DROWNING,0,0
53,66,2008,3,62,PUDUCHERRY,9,TOTAL FALLS,0,3
10,33,2008,5,30,PUDUCHERRY,20,TOTAL FIRE,0,5
530,567,2008,0,567,PUDUCHERRY,37,TOTAL SUDDEN DEATHS,0,0
17,28,2008,10,27,PUDUCHERRY,10,TOTAL POISONING,0,10
